# Core permeability field in MOOSE GriddedData format

AXIS X
0.0000 0.0060 0.0120 0.0180 0.0240 0.0300 0.0360 0.0420 0.0480 0.0540 0.0600 

AXIS Y
0.0000 0.0060 0.0120 0.0180 0.0240 0.0300 0.0360 0.0420 0.0480 0.0540 0.0600 

AXIS Z
0.0000 0.0060 0.0120 0.0180 0.0240 0.0300 0.0360 0.0420 0.0480 0.0540 0.0600 0.0660 0.0720 0.0780 0.0840 0.0900 0.0960 0.1020 0.1080 0.1140 0.1200 0.1260 0.1320 0.1380 0.1440 0.1500 0.1560 0.1620 0.1680 0.1740 0.1800 0.1860 0.1920 0.1980 0.2040 0.2100 0.2160 0.2220 0.2280 0.2340 0.2400 0.2460 0.2520 0.2580 0.2640 0.2700 0.2760 0.2820 0.2880 0.2940 0.3000 

DATA
3.060082e-12 3.060082e-12 2.439387e-12 2.088171e-12 1.996283e-12 2.233540e-12 2.304069e-12 2.248856e-12 2.480768e-12 2.872363e-12 2.604479e-12 3.060082e-12 3.060082e-12 2.439387e-12 2.088171e-12 1.996283e-12 2.233540e-12 2.304069e-12 2.248856e-12 2.480768e-12 2.872363e-12 2.604479e-12 3.172531e-12 3.172531e-12 2.359706e-12 1.883616e-12 1.876738e-12 2.384470e-12 2.085506e-12 2.112632e-12 2.112628e-12 2.642704e-12 2.203190e-12 2.418061e-12 2.418061e-12 2.088449e-12 1.909976e-12 1.726446e-12 1.989292e-12 1.938710e-12 1.960305e-12 2.397474e-12 2.177366e-12 2.133905e-12 2.453537e-12 2.453537e-12 1.986467e-12 1.688297e-12 2.020033e-12 2.014962e-12 1.667925e-12 2.020636e-12 2.402048e-12 2.094177e-12 2.085560e-12 2.280850e-12 2.280850e-12 2.286195e-12 1.672145e-12 1.811105e-12 1.680105e-12 1.569279e-12 1.913448e-12 2.448488e-12 2.155432e-12 2.042725e-12 2.535246e-12 2.535246e-12 2.118553e-12 1.738874e-12 2.100725e-12 1.727148e-12 1.754754e-12 2.046721e-12 2.155564e-12 1.941032e-12 2.027274e-12 2.368304e-12 2.368304e-12 2.156285e-12 1.906299e-12 1.975419e-12 1.584302e-12 1.728328e-12 2.036272e-12 2.414270e-12 2.007130e-12 2.034313e-12 2.100127e-12 2.100127e-12 2.127123e-12 2.363336e-12 2.271767e-12 1.845182e-12 1.975652e-12 2.363568e-12 2.171414e-12 1.749402e-12 1.753412e-12 2.095131e-12 2.095131e-12 1.617047e-12 2.033929e-12 1.833247e-12 1.633019e-12 1.662098e-12 1.748264e-12 1.698457e-12 1.546587e-12 2.166701e-12 2.153674e-12 2.153674e-12 1.876070e-12 1.942310e-12 2.044528e-12 1.703105e-12 1.873240e-12 2.148960e-12 1.568373e-12 1.817624e-12 2.200341e-12 3.060082e-12 3.060082e-12 2.439387e-12 2.088171e-12 1.996283e-12 2.233540e-12 2.304069e-12 2.248856e-12 2.480768e-12 2.872363e-12 2.604479e-12 3.060082e-12 3.060082e-12 2.439387e-12 2.088171e-12 1.996283e-12 2.233540e-12 2.304069e-12 2.248856e-12 2.480768e-12 2.872363e-12 2.604479e-12 3.172531e-12 3.172531e-12 2.359706e-12 1.883616e-12 1.876738e-12 2.384470e-12 2.085506e-12 2.112632e-12 2.112628e-12 2.642704e-12 2.203190e-12 2.418061e-12 2.418061e-12 2.088449e-12 1.909976e-12 1.726446e-12 1.989292e-12 1.938710e-12 1.960305e-12 2.397474e-12 2.177366e-12 2.133905e-12 2.453537e-12 2.453537e-12 1.986467e-12 1.688297e-12 2.020033e-12 2.014962e-12 1.667925e-12 2.020636e-12 2.402048e-12 2.094177e-12 2.085560e-12 2.280850e-12 2.280850e-12 2.286195e-12 1.672145e-12 1.811105e-12 1.680105e-12 1.569279e-12 1.913448e-12 2.448488e-12 2.155432e-12 2.042725e-12 2.535246e-12 2.535246e-12 2.118553e-12 1.738874e-12 2.100725e-12 1.727148e-12 1.754754e-12 2.046721e-12 2.155564e-12 1.941032e-12 2.027274e-12 2.368304e-12 2.368304e-12 2.156285e-12 1.906299e-12 1.975419e-12 1.584302e-12 1.728328e-12 2.036272e-12 2.414270e-12 2.007130e-12 2.034313e-12 2.100127e-12 2.100127e-12 2.127123e-12 2.363336e-12 2.271767e-12 1.845182e-12 1.975652e-12 2.363568e-12 2.171414e-12 1.749402e-12 1.753412e-12 2.095131e-12 2.095131e-12 1.617047e-12 2.033929e-12 1.833247e-12 1.633019e-12 1.662098e-12 1.748264e-12 1.698457e-12 1.546587e-12 2.166701e-12 2.153674e-12 2.153674e-12 1.876070e-12 1.942310e-12 2.044528e-12 1.703105e-12 1.873240e-12 2.148960e-12 1.568373e-12 1.817624e-12 2.200341e-12 3.042695e-12 3.042695e-12 2.364506e-12 2.082204e-12 1.896783e-12 2.432762e-12 2.039019e-12 2.188770e-12 2.658188e-12 2.526030e-12 2.630347e-12 3.042695e-12 3.042695e-12 2.364506e-12 2.082204e-12 1.896783e-12 2.432762e-12 2.039019e-12 2.188770e-12 2.658188e-12 2.526030e-12 2.630347e-12 2.945040e-12 2.945040e-12 2.109599e-12 1.977693e-12 2.076376e-12 2.210969e-12 2.017302e-12 2.054704e-12 2.050523e-12 2.522068e-12 2.292971e-12 2.427725e-12 2.427725e-12 2.212843e-12 1.830188e-12 1.703974e-12 2.001022e-12 1.714798e-12 1.954054e-12 2.338726e-12 2.042228e-12 2.127552e-12 2.494485e-12 2.494485e-12 2.005834e-12 1.605895e-12 1.846532e-12 2.177200e-12 1.716961e-12 1.950022e-12 2.230060e-12 2.180096e-12 2.025453e-12 2.301968e-12 2.301968e-12 2.198389e-12 1.696424e-12 1.734529e-12 1.738474e-12 1.619918e-12 1.793287e-12 2.362750e-12 2.408929e-12 2.035799e-12 2.520231e-12 2.520231e-12 2.064150e-12 1.834674e-12 2.110756e-12 1.767930e-12 1.714082e-12 1.933961e-12 2.060487e-12 1.868251e-12 2.216324e-12 2.693937e-12 2.693937e-12 1.987039e-12 1.982813e-12 1.969893e-12 1.774850e-12 1.713558e-12 1.996384e-12 2.315998e-12 1.952304e-12 2.143733e-12 2.089252e-12 2.089252e-12 2.220741e-12 2.182971e-12 2.175384e-12 1.832051e-12 2.020284e-12 2.312915e-12 2.136428e-12 1.772647e-12 1.994589e-12 2.117018e-12 2.117018e-12 1.695192e-12 2.159701e-12 2.001402e-12 1.684370e-12 1.729553e-12 1.810414e-12 1.676971e-12 1.570042e-12 1.923887e-12 2.063183e-12 2.063183e-12 1.849602e-12 1.977537e-12 2.098745e-12 1.631978e-12 1.789300e-12 2.039805e-12 1.741624e-12 1.733501e-12 2.256515e-12 2.850297e-12 2.850297e-12 2.407181e-12 2.041942e-12 1.844589e-12 2.192199e-12 2.064845e-12 2.353915e-12 2.482871e-12 2.625898e-12 2.427357e-12 2.850297e-12 2.850297e-12 2.407181e-12 2.041942e-12 1.844589e-12 2.192199e-12 2.064845e-12 2.353915e-12 2.482871e-12 2.625898e-12 2.427357e-12 3.094178e-12 3.094178e-12 2.040803e-12 1.847224e-12 1.926525e-12 2.284446e-12 2.009146e-12 2.060205e-12 1.968922e-12 2.492145e-12 2.227253e-12 2.520697e-12 2.520697e-12 2.266883e-12 1.707808e-12 1.867556e-12 2.139210e-12 1.633785e-12 1.988565e-12 2.002826e-12 2.276270e-12 2.128926e-12 2.343419e-12 2.343419e-12 1.931523e-12 1.678822e-12 1.823227e-12 1.918588e-12 1.676537e-12 2.088996e-12 2.181113e-12 2.182238e-12 2.019000e-12 2.373986e-12 2.373986e-12 2.095532e-12 1.715611e-12 1.719909e-12 1.682926e-12 1.568659e-12 1.716601e-12 2.022057e-12 2.122868e-12 1.988245e-12 2.253853e-12 2.253853e-12 1.983834e-12 1.889422e-12 2.027664e-12 1.731321e-12 1.476891e-12 1.961990e-12 2.232732e-12 1.972404e-12 2.278837e-12 2.438255e-12 2.438255e-12 2.019505e-12 1.882854e-12 2.036107e-12 1.835458e-12 1.682005e-12 2.026043e-12 2.170659e-12 2.044563e-12 2.209444e-12 2.138230e-12 2.138230e-12 2.104480e-12 2.185952e-12 2.270170e-12 1.760028e-12 1.978595e-12 2.184822e-12 1.959124e-12 1.986075e-12 1.903373e-12 2.103589e-12 2.103589e-12 1.740965e-12 1.923854e-12 1.948952e-12 1.667126e-12 1.808322e-12 1.713137e-12 1.485149e-12 1.431209e-12 1.858512e-12 2.174471e-12 2.174471e-12 2.065652e-12 2.036167e-12 2.125209e-12 1.627084e-12 1.754951e-12 1.792252e-12 1.844405e-12 1.839210e-12 2.105406e-12 2.966107e-12 2.966107e-12 2.289435e-12 2.089955e-12 1.792980e-12 2.366014e-12 2.057896e-12 2.128749e-12 2.411378e-12 2.604792e-12 2.445170e-12 2.966107e-12 2.966107e-12 2.289435e-12 2.089955e-12 1.792980e-12 2.366014e-12 2.057896e-12 2.128749e-12 2.411378e-12 2.604792e-12 2.445170e-12 2.799679e-12 2.799679e-12 2.112041e-12 1.904827e-12 1.897869e-12 2.270549e-12 2.035870e-12 2.040243e-12 1.981833e-12 2.402539e-12 2.086865e-12 2.523085e-12 2.523085e-12 2.068625e-12 1.798136e-12 1.805937e-12 2.000149e-12 1.798316e-12 1.916395e-12 1.985554e-12 2.151808e-12 2.072297e-12 2.412561e-12 2.412561e-12 2.089694e-12 1.609228e-12 1.829553e-12 1.882637e-12 1.648378e-12 1.722447e-12 2.154150e-12 2.110538e-12 2.173593e-12 2.251444e-12 2.251444e-12 1.888918e-12 1.767702e-12 1.727449e-12 1.678973e-12 1.527680e-12 1.795857e-12 2.054320e-12 2.072146e-12 2.043956e-12 2.286726e-12 2.286726e-12 1.977277e-12 1.786827e-12 1.907581e-12 1.745918e-12 1.626140e-12 1.936306e-12 2.190334e-12 1.822708e-12 2.148488e-12 2.541456e-12 2.541456e-12 2.200566e-12 1.805349e-12 1.849295e-12 1.713236e-12 1.585004e-12 2.013241e-12 2.191585e-12 1.895976e-12 2.174557e-12 1.986313e-12 1.986313e-12 2.043864e-12 2.149541e-12 2.350178e-12 1.852574e-12 1.921320e-12 2.218303e-12 1.907431e-12 1.835234e-12 1.783740e-12 2.015754e-12 2.015754e-12 1.664421e-12 1.849137e-12 1.834212e-12 1.484922e-12 1.763426e-12 1.916105e-12 1.456508e-12 1.420432e-12 1.913114e-12 2.174492e-12 2.174492e-12 2.001933e-12 2.066983e-12 2.140095e-12 1.624568e-12 1.722014e-12 1.918146e-12 1.787431e-12 1.814188e-12 2.071991e-12 3.000869e-12 3.000869e-12 2.390941e-12 2.068465e-12 1.767305e-12 2.315624e-12 2.188725e-12 1.930405e-12 2.333826e-12 2.411291e-12 2.597969e-12 3.000869e-12 3.000869e-12 2.390941e-12 2.068465e-12 1.767305e-12 2.315624e-12 2.188725e-12 1.930405e-12 2.333826e-12 2.411291e-12 2.597969e-12 2.675276e-12 2.675276e-12 2.249341e-12 1.820746e-12 1.802093e-12 2.212143e-12 1.840194e-12 2.023189e-12 2.002818e-12 2.290314e-12 2.081240e-12 2.509384e-12 2.509384e-12 1.985767e-12 1.760261e-12 1.670796e-12 2.052667e-12 1.708907e-12 1.963980e-12 2.244230e-12 2.149060e-12 1.930504e-12 2.349892e-12 2.349892e-12 1.936585e-12 1.584099e-12 1.856710e-12 1.924650e-12 1.646244e-12 1.850687e-12 2.042799e-12 1.912207e-12 2.125079e-12 2.343477e-12 2.343477e-12 2.138062e-12 1.718369e-12 1.720389e-12 1.578867e-12 1.396382e-12 1.984795e-12 2.151894e-12 2.105417e-12 2.050523e-12 2.448705e-12 2.448705e-12 1.992249e-12 1.583565e-12 2.051685e-12 1.731851e-12 1.637784e-12 1.869003e-12 2.162479e-12 1.970643e-12 2.067603e-12 2.392257e-12 2.392257e-12 2.009785e-12 1.895386e-12 1.964451e-12 1.624641e-12 1.575235e-12 2.041335e-12 2.184716e-12 1.887286e-12 2.084814e-12 2.097358e-12 2.097358e-12 2.030160e-12 2.140703e-12 2.191921e-12 1.649864e-12 1.938452e-12 2.075902e-12 2.012041e-12 1.837046e-12 1.834591e-12 2.094554e-12 2.094554e-12 1.675600e-12 2.052800e-12 2.033999e-12 1.726825e-12 1.619650e-12 1.845140e-12 1.728731e-12 1.442837e-12 2.074761e-12 2.114947e-12 2.114947e-12 2.014335e-12 2.056311e-12 2.003761e-12 1.840260e-12 1.951572e-12 1.980619e-12 1.737901e-12 1.859902e-12 2.119169e-12 3.009352e-12 3.009352e-12 2.390132e-12 1.932642e-12 1.788867e-12 2.241672e-12 2.026814e-12 1.998947e-12 2.260027e-12 2.360573e-12 2.204472e-12 3.009352e-12 3.009352e-12 2.390132e-12 1.932642e-12 1.788867e-12 2.241672e-12 2.026814e-12 1.998947e-12 2.260027e-12 2.360573e-12 2.204472e-12 2.823236e-12 2.823236e-12 2.050773e-12 1.818788e-12 1.836483e-12 2.355509e-12 1.797807e-12 2.034206e-12 1.981019e-12 2.342159e-12 2.049542e-12 2.330034e-12 2.330034e-12 2.079663e-12 1.714576e-12 1.754712e-12 2.065906e-12 1.655225e-12 1.863737e-12 2.113840e-12 2.091443e-12 1.849431e-12 2.377721e-12 2.377721e-12 1.739925e-12 1.721181e-12 1.828621e-12 1.898489e-12 1.619268e-12 1.805780e-12 1.866715e-12 1.996766e-12 2.153888e-12 2.363606e-12 2.363606e-12 2.099090e-12 1.593398e-12 1.761860e-12 1.625905e-12 1.550550e-12 1.795035e-12 2.097751e-12 2.212284e-12 2.018464e-12 2.520017e-12 2.520017e-12 1.914113e-12 1.802111e-12 1.947710e-12 1.766129e-12 1.630555e-12 1.806478e-12 1.979497e-12 2.052005e-12 1.947612e-12 2.165900e-12 2.165900e-12 2.239934e-12 1.731171e-12 2.009504e-12 1.566063e-12 1.600504e-12 2.171772e-12 2.233044e-12 1.960204e-12 2.261897e-12 2.047949e-12 2.047949e-12 1.887206e-12 2.100550e-12 2.100535e-12 1.688317e-12 1.932362e-12 2.135464e-12 2.084665e-12 1.820997e-12 1.744163e-12 2.358468e-12 2.358468e-12 1.752061e-12 2.170199e-12 1.970104e-12 1.810796e-12 1.782958e-12 1.813981e-12 1.640685e-12 1.471392e-12 1.639955e-12 2.248822e-12 2.248822e-12 1.777214e-12 1.857879e-12 1.792917e-12 1.592122e-12 1.914996e-12 1.837034e-12 1.788454e-12 1.903167e-12 2.047535e-12 3.006774e-12 3.006774e-12 2.268886e-12 2.051989e-12 1.774542e-12 2.192808e-12 2.031525e-12 2.043426e-12 2.224947e-12 2.317663e-12 2.352310e-12 3.006774e-12 3.006774e-12 2.268886e-12 2.051989e-12 1.774542e-12 2.192808e-12 2.031525e-12 2.043426e-12 2.224947e-12 2.317663e-12 2.352310e-12 2.664165e-12 2.664165e-12 2.300822e-12 1.754633e-12 1.724899e-12 2.312931e-12 1.900454e-12 2.142160e-12 2.029758e-12 2.132337e-12 2.137425e-12 2.427200e-12 2.427200e-12 2.113205e-12 1.721771e-12 1.890486e-12 1.983412e-12 1.683261e-12 1.898914e-12 1.913031e-12 2.081537e-12 1.918263e-12 2.492989e-12 2.492989e-12 1.995426e-12 1.683425e-12 1.645102e-12 1.790881e-12 1.606677e-12 1.917561e-12 1.984318e-12 2.256205e-12 2.100559e-12 2.470446e-12 2.470446e-12 1.842423e-12 1.627255e-12 1.725492e-12 1.767239e-12 1.666253e-12 1.736678e-12 1.925827e-12 2.039503e-12 1.962370e-12 2.332364e-12 2.332364e-12 1.967271e-12 1.702566e-12 1.937085e-12 1.921421e-12 1.670971e-12 1.888603e-12 1.970816e-12 1.879959e-12 1.946580e-12 2.225419e-12 2.225419e-12 2.177055e-12 1.829259e-12 1.870639e-12 1.540614e-12 1.509834e-12 1.990021e-12 2.095869e-12 1.967472e-12 2.125429e-12 2.365259e-12 2.365259e-12 1.955610e-12 2.190601e-12 2.270890e-12 1.702956e-12 1.776981e-12 2.068560e-12 2.019938e-12 1.895513e-12 1.830346e-12 1.981879e-12 1.981879e-12 1.779471e-12 2.108056e-12 1.822170e-12 1.676291e-12 1.865197e-12 2.088974e-12 1.751568e-12 1.610613e-12 1.844684e-12 2.205356e-12 2.205356e-12 1.856921e-12 1.815320e-12 1.911459e-12 1.463064e-12 1.849018e-12 1.788354e-12 1.862605e-12 1.972122e-12 1.908090e-12 2.865221e-12 2.865221e-12 2.270207e-12 2.264428e-12 1.749867e-12 2.531482e-12 2.085333e-12 2.090154e-12 2.130283e-12 2.258572e-12 2.295945e-12 2.865221e-12 2.865221e-12 2.270207e-12 2.264428e-12 1.749867e-12 2.531482e-12 2.085333e-12 2.090154e-12 2.130283e-12 2.258572e-12 2.295945e-12 2.667272e-12 2.667272e-12 2.292381e-12 1.762056e-12 1.790804e-12 2.110701e-12 1.835888e-12 2.010852e-12 1.993459e-12 2.277731e-12 2.180591e-12 2.579845e-12 2.579845e-12 2.109425e-12 1.704611e-12 1.796697e-12 2.048146e-12 1.819289e-12 1.799356e-12 1.942582e-12 2.114328e-12 1.814694e-12 2.281406e-12 2.281406e-12 1.913286e-12 1.573932e-12 1.563386e-12 1.782430e-12 1.692070e-12 1.810993e-12 2.124432e-12 2.117841e-12 2.029754e-12 2.436037e-12 2.436037e-12 2.015326e-12 1.570584e-12 1.743424e-12 1.662050e-12 1.620517e-12 1.822180e-12 1.955782e-12 1.845218e-12 1.863842e-12 2.334673e-12 2.334673e-12 1.838267e-12 1.698439e-12 2.017683e-12 1.869489e-12 1.693331e-12 1.845521e-12 2.005679e-12 1.677762e-12 2.021409e-12 2.302209e-12 2.302209e-12 2.101114e-12 1.805761e-12 1.911546e-12 1.546391e-12 1.567578e-12 1.714362e-12 2.116990e-12 1.992382e-12 2.099862e-12 2.314764e-12 2.314764e-12 2.016927e-12 2.089221e-12 2.096219e-12 1.674442e-12 1.687648e-12 1.984226e-12 1.940939e-12 1.916881e-12 1.927152e-12 1.917349e-12 1.917349e-12 1.805170e-12 2.033347e-12 1.938103e-12 1.648343e-12 1.936699e-12 2.057024e-12 1.889607e-12 1.521370e-12 1.779694e-12 2.207557e-12 2.207557e-12 1.880479e-12 1.931400e-12 1.965876e-12 1.588401e-12 1.796502e-12 1.883573e-12 1.791648e-12 1.818853e-12 2.043503e-12 3.053252e-12 3.053252e-12 2.353067e-12 2.061804e-12 1.858297e-12 2.453624e-12 2.084206e-12 2.101780e-12 2.057658e-12 2.324118e-12 2.453071e-12 3.053252e-12 3.053252e-12 2.353067e-12 2.061804e-12 1.858297e-12 2.453624e-12 2.084206e-12 2.101780e-12 2.057658e-12 2.324118e-12 2.453071e-12 2.876876e-12 2.876876e-12 2.109226e-12 1.915982e-12 1.885584e-12 2.196673e-12 1.918164e-12 1.919638e-12 1.985341e-12 2.261106e-12 2.022944e-12 2.390356e-12 2.390356e-12 2.107911e-12 1.693050e-12 1.772440e-12 1.873451e-12 1.749331e-12 1.702964e-12 2.046297e-12 2.065914e-12 1.972710e-12 2.508143e-12 2.508143e-12 1.742987e-12 1.654375e-12 1.772692e-12 1.915385e-12 1.757477e-12 1.877340e-12 2.089692e-12 1.945573e-12 2.056016e-12 2.488648e-12 2.488648e-12 2.066934e-12 1.658643e-12 1.813115e-12 1.699530e-12 1.478734e-12 1.647233e-12 1.989456e-12 2.190895e-12 1.962791e-12 2.262235e-12 2.262235e-12 1.942392e-12 1.810251e-12 1.902662e-12 1.591935e-12 1.645375e-12 1.865762e-12 2.009418e-12 1.782939e-12 1.935081e-12 2.176650e-12 2.176650e-12 1.773968e-12 1.720323e-12 2.017641e-12 1.467486e-12 1.538976e-12 1.659584e-12 2.494223e-12 1.841341e-12 2.120903e-12 2.214853e-12 2.214853e-12 2.060708e-12 2.084279e-12 1.915303e-12 1.595568e-12 1.817057e-12 2.026269e-12 2.049302e-12 1.877365e-12 1.882615e-12 1.918579e-12 1.918579e-12 1.899171e-12 2.021248e-12 1.991168e-12 1.703567e-12 1.771166e-12 1.944054e-12 1.723599e-12 1.698064e-12 1.689715e-12 1.989914e-12 1.989914e-12 1.846087e-12 1.955808e-12 1.882991e-12 1.533794e-12 1.850392e-12 1.947004e-12 1.759806e-12 1.765793e-12 1.925483e-12 3.222199e-12 3.222199e-12 2.199656e-12 2.070600e-12 1.751472e-12 2.202055e-12 2.273038e-12 1.930925e-12 2.357161e-12 2.242084e-12 2.396269e-12 3.222199e-12 3.222199e-12 2.199656e-12 2.070600e-12 1.751472e-12 2.202055e-12 2.273038e-12 1.930925e-12 2.357161e-12 2.242084e-12 2.396269e-12 2.830938e-12 2.830938e-12 1.980827e-12 1.830006e-12 1.994299e-12 1.994926e-12 1.832804e-12 1.879212e-12 2.107920e-12 2.281095e-12 2.193232e-12 2.369165e-12 2.369165e-12 2.070719e-12 1.675316e-12 1.727554e-12 1.693148e-12 1.747113e-12 1.684067e-12 1.912457e-12 2.128880e-12 2.044539e-12 2.444977e-12 2.444977e-12 1.869016e-12 1.675644e-12 1.773301e-12 1.892762e-12 1.952314e-12 1.921630e-12 2.089849e-12 2.092987e-12 2.139726e-12 2.353140e-12 2.353140e-12 2.093801e-12 1.636848e-12 1.854865e-12 1.613382e-12 1.362105e-12 1.620365e-12 2.120339e-12 2.105018e-12 1.979775e-12 2.205931e-12 2.205931e-12 1.942063e-12 1.678216e-12 1.937477e-12 1.683025e-12 1.562300e-12 1.944993e-12 2.052867e-12 1.893828e-12 1.845011e-12 2.283169e-12 2.283169e-12 1.999364e-12 1.867009e-12 1.884678e-12 1.565268e-12 1.539669e-12 1.826137e-12 2.145846e-12 1.883325e-12 2.102387e-12 2.228720e-12 2.228720e-12 1.938516e-12 2.011039e-12 2.000243e-12 1.577777e-12 1.784845e-12 1.950416e-12 2.052805e-12 1.829758e-12 1.917234e-12 1.792707e-12 1.792707e-12 1.812552e-12 1.917859e-12 1.780281e-12 1.715614e-12 1.763720e-12 2.134698e-12 1.706559e-12 1.561043e-12 1.683145e-12 1.967653e-12 1.967653e-12 1.918798e-12 1.991491e-12 1.914337e-12 1.508222e-12 1.911160e-12 1.917200e-12 1.801313e-12 1.779592e-12 1.936861e-12 2.970850e-12 2.970850e-12 2.264886e-12 2.029874e-12 1.722293e-12 2.401855e-12 1.932640e-12 1.916762e-12 2.049259e-12 2.221664e-12 2.335325e-12 2.970850e-12 2.970850e-12 2.264886e-12 2.029874e-12 1.722293e-12 2.401855e-12 1.932640e-12 1.916762e-12 2.049259e-12 2.221664e-12 2.335325e-12 2.770619e-12 2.770619e-12 2.011319e-12 1.759015e-12 1.876600e-12 2.016389e-12 1.901828e-12 1.864859e-12 1.998146e-12 2.329921e-12 2.416127e-12 2.458351e-12 2.458351e-12 1.980906e-12 1.687136e-12 1.737617e-12 1.777267e-12 1.722006e-12 1.774258e-12 1.799821e-12 2.110926e-12 1.940261e-12 2.551416e-12 2.551416e-12 1.928101e-12 1.653552e-12 1.702738e-12 1.709163e-12 1.799234e-12 1.881484e-12 2.157577e-12 1.948821e-12 1.855122e-12 2.286698e-12 2.286698e-12 2.008417e-12 1.609039e-12 1.740416e-12 1.549862e-12 1.483477e-12 1.703991e-12 2.282498e-12 2.037522e-12 1.984080e-12 1.913718e-12 1.913718e-12 1.961490e-12 1.622691e-12 1.928890e-12 1.660421e-12 1.449431e-12 1.841776e-12 1.893564e-12 1.998011e-12 1.783610e-12 2.288209e-12 2.288209e-12 1.905344e-12 1.925134e-12 1.822424e-12 1.665520e-12 1.573063e-12 1.809453e-12 1.971703e-12 2.013590e-12 2.027617e-12 2.259870e-12 2.259870e-12 1.963017e-12 2.051878e-12 2.076153e-12 1.724234e-12 1.711249e-12 2.042107e-12 2.069063e-12 1.897608e-12 1.887174e-12 1.876036e-12 1.876036e-12 1.719474e-12 1.773343e-12 1.933416e-12 1.797281e-12 1.752896e-12 1.928597e-12 1.626847e-12 1.577670e-12 1.701293e-12 1.999900e-12 1.999900e-12 1.882289e-12 1.977600e-12 1.941563e-12 1.525371e-12 1.761124e-12 1.880710e-12 1.840147e-12 1.760213e-12 1.944735e-12 3.189716e-12 3.189716e-12 2.358029e-12 2.132219e-12 1.707610e-12 2.377675e-12 1.845966e-12 2.004216e-12 2.093463e-12 2.293650e-12 2.475800e-12 3.189716e-12 3.189716e-12 2.358029e-12 2.132219e-12 1.707610e-12 2.377675e-12 1.845966e-12 2.004216e-12 2.093463e-12 2.293650e-12 2.475800e-12 2.682923e-12 2.682923e-12 2.097764e-12 1.842375e-12 1.768363e-12 1.903819e-12 1.755413e-12 1.856211e-12 1.885665e-12 2.169479e-12 2.324491e-12 2.317302e-12 2.317302e-12 2.130882e-12 1.655391e-12 1.642805e-12 1.944978e-12 1.828896e-12 1.764871e-12 1.980761e-12 2.006258e-12 1.996815e-12 2.344814e-12 2.344814e-12 1.982679e-12 1.765944e-12 1.814703e-12 1.569328e-12 1.544915e-12 1.670642e-12 2.028282e-12 1.994555e-12 1.958577e-12 2.606840e-12 2.606840e-12 1.996729e-12 1.532349e-12 1.537117e-12 1.694929e-12 1.499511e-12 1.727301e-12 2.046670e-12 2.017121e-12 1.889248e-12 1.951675e-12 1.951675e-12 1.866586e-12 1.785397e-12 1.949214e-12 1.549682e-12 1.424521e-12 1.773396e-12 1.994541e-12 2.031354e-12 1.888545e-12 2.137808e-12 2.137808e-12 1.803731e-12 1.902510e-12 1.582100e-12 1.575130e-12 1.596299e-12 1.690576e-12 1.920683e-12 2.079335e-12 2.185677e-12 2.377416e-12 2.377416e-12 1.943671e-12 2.032604e-12 2.037959e-12 1.626589e-12 1.679039e-12 2.004276e-12 2.077783e-12 1.854813e-12 2.001527e-12 1.907918e-12 1.907918e-12 1.559202e-12 1.942502e-12 1.882856e-12 1.750605e-12 1.998832e-12 2.007193e-12 1.694255e-12 1.662067e-12 1.635832e-12 2.182541e-12 2.182541e-12 1.946197e-12 2.040542e-12 1.966502e-12 1.574900e-12 1.733498e-12 1.864781e-12 1.655935e-12 1.778289e-12 1.842738e-12 3.191206e-12 3.191206e-12 2.294300e-12 2.176637e-12 1.654767e-12 2.240065e-12 1.791407e-12 2.083782e-12 1.957552e-12 2.287574e-12 2.270581e-12 3.191206e-12 3.191206e-12 2.294300e-12 2.176637e-12 1.654767e-12 2.240065e-12 1.791407e-12 2.083782e-12 1.957552e-12 2.287574e-12 2.270581e-12 2.693967e-12 2.693967e-12 2.125161e-12 1.695834e-12 1.766648e-12 2.073972e-12 1.823842e-12 1.845547e-12 1.876132e-12 2.238461e-12 2.276539e-12 2.200061e-12 2.200061e-12 2.087774e-12 1.521479e-12 1.680617e-12 1.793989e-12 1.710187e-12 1.580321e-12 2.005758e-12 1.996256e-12 1.810078e-12 2.440809e-12 2.440809e-12 1.996079e-12 1.615161e-12 1.694084e-12 1.627779e-12 1.537358e-12 1.614784e-12 2.053129e-12 2.022091e-12 2.027915e-12 2.489513e-12 2.489513e-12 1.913006e-12 1.485678e-12 1.473330e-12 1.734245e-12 1.390257e-12 1.560105e-12 1.845832e-12 1.982165e-12 1.940252e-12 2.100593e-12 2.100593e-12 1.745456e-12 1.582365e-12 2.008323e-12 1.506590e-12 1.477438e-12 1.932323e-12 2.023985e-12 1.878258e-12 1.912225e-12 2.119537e-12 2.119537e-12 1.850352e-12 1.789190e-12 1.641244e-12 1.425273e-12 1.504910e-12 1.747642e-12 2.031302e-12 2.168314e-12 2.121393e-12 2.180943e-12 2.180943e-12 2.082565e-12 1.895446e-12 2.091808e-12 1.595078e-12 1.612939e-12 2.044539e-12 2.027639e-12 1.977908e-12 2.148325e-12 1.973602e-12 1.973602e-12 1.653967e-12 1.870768e-12 2.028059e-12 1.911864e-12 1.838558e-12 2.017840e-12 1.813750e-12 1.567684e-12 1.731523e-12 2.161558e-12 2.161558e-12 1.805944e-12 2.070451e-12 1.722934e-12 1.589869e-12 1.807601e-12 1.646763e-12 1.761799e-12 1.813815e-12 1.783176e-12 2.969487e-12 2.969487e-12 2.158657e-12 1.970357e-12 1.814832e-12 2.157236e-12 2.178255e-12 1.995937e-12 2.146764e-12 2.308391e-12 2.446723e-12 2.969487e-12 2.969487e-12 2.158657e-12 1.970357e-12 1.814832e-12 2.157236e-12 2.178255e-12 1.995937e-12 2.146764e-12 2.308391e-12 2.446723e-12 2.647037e-12 2.647037e-12 2.203906e-12 1.656571e-12 1.764976e-12 1.952871e-12 1.788115e-12 1.864806e-12 1.970566e-12 2.203268e-12 2.213978e-12 2.277505e-12 2.277505e-12 2.229253e-12 1.664676e-12 1.759352e-12 1.873388e-12 1.822064e-12 1.617451e-12 1.878628e-12 2.063920e-12 1.939552e-12 2.310140e-12 2.310140e-12 1.843336e-12 1.563337e-12 1.634635e-12 1.599740e-12 1.570697e-12 1.657821e-12 2.140286e-12 1.989464e-12 2.083178e-12 2.184321e-12 2.184321e-12 1.894050e-12 1.591362e-12 1.537086e-12 1.867014e-12 1.471437e-12 1.688233e-12 1.748665e-12 2.089955e-12 1.955739e-12 2.159954e-12 2.159954e-12 1.725066e-12 1.740807e-12 1.809380e-12 1.571570e-12 1.455296e-12 1.789605e-12 1.939426e-12 1.887951e-12 1.964798e-12 2.305896e-12 2.305896e-12 1.821409e-12 1.865553e-12 1.771633e-12 1.404256e-12 1.505605e-12 1.834511e-12 2.051084e-12 2.082304e-12 1.979737e-12 1.991382e-12 1.991382e-12 2.153364e-12 1.873742e-12 1.909807e-12 1.652558e-12 1.799248e-12 2.010625e-12 1.840471e-12 1.893601e-12 2.165662e-12 1.866356e-12 1.866356e-12 1.784271e-12 2.101126e-12 1.893745e-12 1.956790e-12 1.846755e-12 2.091843e-12 1.883192e-12 1.646764e-12 1.681587e-12 2.138233e-12 2.138233e-12 1.726572e-12 2.058983e-12 1.720390e-12 1.537908e-12 1.908874e-12 1.669023e-12 1.667093e-12 1.697317e-12 1.794269e-12 2.753528e-12 2.753528e-12 2.163110e-12 2.018432e-12 1.967559e-12 2.188766e-12 2.024145e-12 2.228390e-12 2.244807e-12 2.379817e-12 2.760038e-12 2.753528e-12 2.753528e-12 2.163110e-12 2.018432e-12 1.967559e-12 2.188766e-12 2.024145e-12 2.228390e-12 2.244807e-12 2.379817e-12 2.760038e-12 2.581398e-12 2.581398e-12 2.157671e-12 1.782956e-12 1.752139e-12 1.951340e-12 1.762666e-12 1.746289e-12 1.925130e-12 2.269192e-12 2.302973e-12 2.363422e-12 2.363422e-12 1.986610e-12 1.675195e-12 1.830649e-12 1.920112e-12 1.788293e-12 1.722113e-12 1.973025e-12 2.074898e-12 2.013962e-12 2.095980e-12 2.095980e-12 1.946315e-12 1.637379e-12 1.683010e-12 1.729796e-12 1.457049e-12 1.732922e-12 2.150243e-12 1.987208e-12 2.038993e-12 2.403857e-12 2.403857e-12 2.006622e-12 1.627067e-12 1.637551e-12 1.720265e-12 1.752929e-12 1.746302e-12 1.918005e-12 2.069527e-12 1.924416e-12 2.181192e-12 2.181192e-12 1.757016e-12 1.857389e-12 1.771582e-12 1.643067e-12 1.611539e-12 1.720470e-12 1.994086e-12 2.020531e-12 1.984390e-12 2.158746e-12 2.158746e-12 1.872946e-12 1.952790e-12 1.803415e-12 1.463873e-12 1.422877e-12 1.874125e-12 2.233020e-12 2.023251e-12 1.906356e-12 2.201914e-12 2.201914e-12 1.944172e-12 1.885943e-12 1.890696e-12 1.716534e-12 1.791068e-12 1.898258e-12 1.946221e-12 1.854573e-12 2.141864e-12 1.821697e-12 1.821697e-12 1.849738e-12 2.332706e-12 1.908428e-12 1.821147e-12 1.828696e-12 1.935791e-12 1.813263e-12 1.745128e-12 1.717482e-12 1.981809e-12 1.981809e-12 1.791403e-12 1.806503e-12 1.751994e-12 1.592496e-12 1.953091e-12 1.899561e-12 1.541577e-12 1.734836e-12 1.902368e-12 2.852760e-12 2.852760e-12 2.259798e-12 1.963409e-12 1.985965e-12 2.352104e-12 2.049103e-12 2.037121e-12 2.044893e-12 2.350634e-12 2.507687e-12 2.852760e-12 2.852760e-12 2.259798e-12 1.963409e-12 1.985965e-12 2.352104e-12 2.049103e-12 2.037121e-12 2.044893e-12 2.350634e-12 2.507687e-12 2.537893e-12 2.537893e-12 2.148818e-12 1.795869e-12 1.972079e-12 1.804321e-12 1.776325e-12 1.760402e-12 1.981248e-12 2.456078e-12 2.199171e-12 2.505092e-12 2.505092e-12 2.038667e-12 1.541700e-12 1.445518e-12 1.942215e-12 1.567059e-12 1.879077e-12 2.108963e-12 2.128636e-12 1.980145e-12 2.281364e-12 2.281364e-12 1.883090e-12 1.553841e-12 1.732979e-12 1.724325e-12 1.573730e-12 1.683220e-12 2.161788e-12 2.047637e-12 2.178672e-12 2.594810e-12 2.594810e-12 2.097541e-12 1.666168e-12 1.622284e-12 1.725443e-12 1.601139e-12 1.695981e-12 1.873235e-12 2.094889e-12 1.949348e-12 2.081001e-12 2.081001e-12 1.665645e-12 1.713970e-12 2.016867e-12 1.573597e-12 1.649904e-12 1.763252e-12 2.076614e-12 1.941960e-12 2.064340e-12 2.040803e-12 2.040803e-12 1.879982e-12 1.960443e-12 1.724279e-12 1.456241e-12 1.484116e-12 1.899201e-12 2.208238e-12 1.781425e-12 1.998771e-12 2.366567e-12 2.366567e-12 1.731973e-12 2.020304e-12 1.813950e-12 1.736776e-12 1.757689e-12 1.906388e-12 1.848172e-12 2.158370e-12 2.314456e-12 1.729657e-12 1.729657e-12 1.793167e-12 2.136111e-12 2.099328e-12 1.719645e-12 1.949267e-12 2.107019e-12 1.827460e-12 1.710842e-12 1.760969e-12 1.959796e-12 1.959796e-12 1.659340e-12 1.884632e-12 1.828863e-12 1.630600e-12 1.968601e-12 1.846675e-12 1.554852e-12 1.710496e-12 1.971105e-12 2.934404e-12 2.934404e-12 2.359062e-12 1.917560e-12 1.917167e-12 2.299898e-12 2.094966e-12 1.959211e-12 2.142002e-12 2.336081e-12 2.610764e-12 2.934404e-12 2.934404e-12 2.359062e-12 1.917560e-12 1.917167e-12 2.299898e-12 2.094966e-12 1.959211e-12 2.142002e-12 2.336081e-12 2.610764e-12 2.759781e-12 2.759781e-12 2.158566e-12 1.875820e-12 1.927695e-12 1.961574e-12 1.873920e-12 1.851160e-12 1.893901e-12 2.348548e-12 2.177118e-12 2.316569e-12 2.316569e-12 1.984757e-12 1.616877e-12 1.553247e-12 1.707063e-12 1.701404e-12 1.757419e-12 2.000863e-12 2.223704e-12 1.897916e-12 2.410171e-12 2.410171e-12 1.818997e-12 1.557347e-12 1.734238e-12 1.817424e-12 1.541856e-12 1.657480e-12 1.921406e-12 2.037936e-12 1.941039e-12 2.363102e-12 2.363102e-12 1.736309e-12 1.644692e-12 1.735491e-12 1.784354e-12 1.483580e-12 1.645433e-12 1.908833e-12 1.939760e-12 2.022254e-12 2.223486e-12 2.223486e-12 1.836839e-12 1.620231e-12 1.831102e-12 1.472983e-12 1.523988e-12 1.784427e-12 2.099433e-12 2.037654e-12 2.037018e-12 2.043367e-12 2.043367e-12 1.881283e-12 2.068516e-12 1.765775e-12 1.356392e-12 1.471438e-12 1.938185e-12 2.002373e-12 1.883285e-12 2.053574e-12 2.109147e-12 2.109147e-12 1.759042e-12 1.952962e-12 1.836509e-12 1.651014e-12 1.650445e-12 2.052893e-12 1.930072e-12 1.986977e-12 2.238977e-12 1.686292e-12 1.686292e-12 1.766640e-12 2.205815e-12 2.026312e-12 1.811979e-12 2.002368e-12 2.356129e-12 1.895128e-12 1.857931e-12 1.808658e-12 1.956084e-12 1.956084e-12 1.657504e-12 1.979881e-12 1.971441e-12 1.627938e-12 1.855363e-12 1.690061e-12 1.664313e-12 1.765124e-12 2.092421e-12 2.794606e-12 2.794606e-12 2.239047e-12 1.972259e-12 1.791314e-12 2.248425e-12 1.998321e-12 2.099521e-12 2.034054e-12 2.374336e-12 2.569279e-12 2.794606e-12 2.794606e-12 2.239047e-12 1.972259e-12 1.791314e-12 2.248425e-12 1.998321e-12 2.099521e-12 2.034054e-12 2.374336e-12 2.569279e-12 2.653277e-12 2.653277e-12 2.097336e-12 1.870790e-12 1.715627e-12 1.949177e-12 1.754074e-12 1.875675e-12 1.951269e-12 2.259173e-12 2.233427e-12 2.291238e-12 2.291238e-12 1.934665e-12 1.695683e-12 1.635595e-12 1.735562e-12 1.711060e-12 1.635372e-12 1.973074e-12 2.007920e-12 2.010459e-12 2.232595e-12 2.232595e-12 1.888220e-12 1.649983e-12 1.750525e-12 1.738928e-12 1.544130e-12 1.866320e-12 2.011513e-12 1.973827e-12 1.930739e-12 2.118610e-12 2.118610e-12 1.758535e-12 1.613127e-12 1.792158e-12 1.500909e-12 1.557974e-12 1.643523e-12 1.923281e-12 1.891927e-12 2.098931e-12 2.147682e-12 2.147682e-12 1.758040e-12 1.652651e-12 1.868000e-12 1.428995e-12 1.560363e-12 1.796584e-12 2.347189e-12 1.789280e-12 2.075391e-12 2.151282e-12 2.151282e-12 1.992145e-12 1.857807e-12 1.744760e-12 1.449739e-12 1.552778e-12 1.845770e-12 1.850644e-12 2.079242e-12 2.140745e-12 1.938325e-12 1.938325e-12 1.796730e-12 1.900055e-12 1.843034e-12 1.559258e-12 1.729386e-12 1.957201e-12 1.888723e-12 1.819671e-12 1.990213e-12 1.627635e-12 1.627635e-12 1.835856e-12 2.114068e-12 1.937093e-12 2.028108e-12 1.989344e-12 2.364463e-12 2.103969e-12 1.885758e-12 1.839643e-12 1.869627e-12 1.869627e-12 1.924823e-12 1.834230e-12 1.989182e-12 1.638425e-12 1.643291e-12 1.648134e-12 1.612726e-12 1.736043e-12 1.919694e-12 2.766760e-12 2.766760e-12 2.077367e-12 1.962207e-12 1.880507e-12 2.261513e-12 2.042654e-12 1.971285e-12 2.197515e-12 2.413708e-12 2.364501e-12 2.766760e-12 2.766760e-12 2.077367e-12 1.962207e-12 1.880507e-12 2.261513e-12 2.042654e-12 1.971285e-12 2.197515e-12 2.413708e-12 2.364501e-12 2.551036e-12 2.551036e-12 1.956626e-12 1.815184e-12 1.885737e-12 1.943612e-12 1.700811e-12 1.854901e-12 1.977361e-12 2.142731e-12 2.319760e-12 2.189886e-12 2.189886e-12 2.038470e-12 1.592460e-12 1.766132e-12 1.808141e-12 1.561369e-12 1.591655e-12 2.001170e-12 2.085879e-12 1.976965e-12 1.983488e-12 1.983488e-12 1.871601e-12 1.698033e-12 1.841772e-12 1.682522e-12 1.539384e-12 1.736951e-12 2.134952e-12 1.812556e-12 2.049323e-12 2.194143e-12 2.194143e-12 1.735388e-12 1.505772e-12 1.829288e-12 1.536991e-12 1.371202e-12 1.718177e-12 1.914553e-12 1.836011e-12 1.936256e-12 1.900314e-12 1.900314e-12 1.744065e-12 1.691863e-12 1.731106e-12 1.477302e-12 1.550958e-12 1.902346e-12 2.090472e-12 1.884588e-12 2.207759e-12 2.101498e-12 2.101498e-12 1.921449e-12 1.727323e-12 1.790726e-12 1.461469e-12 1.612293e-12 1.789086e-12 1.931097e-12 2.116266e-12 2.027768e-12 1.878615e-12 1.878615e-12 1.855309e-12 1.928017e-12 1.819615e-12 1.521005e-12 1.503849e-12 1.842505e-12 1.891697e-12 1.901322e-12 2.020156e-12 1.807948e-12 1.807948e-12 1.804674e-12 2.067650e-12 2.123755e-12 1.765374e-12 2.033529e-12 2.302965e-12 1.745375e-12 1.920257e-12 1.851028e-12 1.895987e-12 1.895987e-12 1.751638e-12 2.043089e-12 1.952216e-12 1.679743e-12 1.601675e-12 1.748151e-12 1.541586e-12 1.612527e-12 1.970405e-12 2.479652e-12 2.479652e-12 2.051941e-12 2.008225e-12 2.091155e-12 2.445998e-12 2.109584e-12 1.776500e-12 2.154464e-12 2.244003e-12 2.363334e-12 2.479652e-12 2.479652e-12 2.051941e-12 2.008225e-12 2.091155e-12 2.445998e-12 2.109584e-12 1.776500e-12 2.154464e-12 2.244003e-12 2.363334e-12 2.391030e-12 2.391030e-12 1.792140e-12 1.807158e-12 1.728222e-12 1.904325e-12 1.821474e-12 1.852677e-12 1.878596e-12 2.324507e-12 2.193434e-12 2.244060e-12 2.244060e-12 1.866083e-12 1.568656e-12 1.797111e-12 1.890014e-12 1.827264e-12 1.675671e-12 1.979452e-12 2.266656e-12 2.110812e-12 1.932774e-12 1.932774e-12 1.808521e-12 1.604783e-12 1.691612e-12 1.584635e-12 1.440817e-12 1.751981e-12 1.935852e-12 1.926022e-12 1.874783e-12 2.087957e-12 2.087957e-12 1.706956e-12 1.558342e-12 1.797415e-12 1.649241e-12 1.442937e-12 1.737262e-12 1.899464e-12 2.016854e-12 1.869021e-12 1.864761e-12 1.864761e-12 1.733391e-12 1.832736e-12 1.642837e-12 1.401973e-12 1.484342e-12 1.758578e-12 2.027232e-12 1.936830e-12 2.174780e-12 1.913229e-12 1.913229e-12 1.930018e-12 1.899443e-12 1.831688e-12 1.450514e-12 1.644841e-12 1.620561e-12 2.029321e-12 1.794018e-12 2.091758e-12 1.977000e-12 1.977000e-12 1.750653e-12 1.888704e-12 1.854675e-12 1.607928e-12 1.687625e-12 1.891212e-12 2.038940e-12 1.927435e-12 2.015866e-12 1.736448e-12 1.736448e-12 1.933493e-12 2.080900e-12 1.967634e-12 1.750977e-12 1.921916e-12 2.022200e-12 1.916078e-12 1.845239e-12 1.829584e-12 1.928156e-12 1.928156e-12 1.778309e-12 2.013696e-12 1.897197e-12 1.685981e-12 1.706725e-12 1.829383e-12 1.500466e-12 1.700056e-12 2.031960e-12 2.416966e-12 2.416966e-12 1.971325e-12 2.008664e-12 1.885642e-12 2.095193e-12 2.154589e-12 1.912281e-12 2.135401e-12 2.413115e-12 2.441824e-12 2.416966e-12 2.416966e-12 1.971325e-12 2.008664e-12 1.885642e-12 2.095193e-12 2.154589e-12 1.912281e-12 2.135401e-12 2.413115e-12 2.441824e-12 2.227886e-12 2.227886e-12 2.048178e-12 1.746294e-12 1.584553e-12 1.870009e-12 1.795618e-12 1.877158e-12 1.900077e-12 2.233477e-12 2.090495e-12 2.048468e-12 2.048468e-12 1.914056e-12 1.467055e-12 1.837580e-12 1.836362e-12 1.545594e-12 1.771754e-12 1.924128e-12 2.066261e-12 2.078750e-12 1.903699e-12 1.903699e-12 1.692107e-12 1.565617e-12 1.788178e-12 1.687445e-12 1.480965e-12 1.812282e-12 2.034199e-12 2.093051e-12 1.988692e-12 1.934933e-12 1.934933e-12 1.753913e-12 1.453922e-12 1.731255e-12 1.536614e-12 1.693909e-12 1.705169e-12 1.970201e-12 2.012878e-12 1.946550e-12 1.774887e-12 1.774887e-12 1.797147e-12 1.813522e-12 1.796955e-12 1.507606e-12 1.490148e-12 1.842798e-12 1.745076e-12 1.980091e-12 1.932043e-12 1.954062e-12 1.954062e-12 1.870799e-12 1.781107e-12 1.673510e-12 1.373078e-12 1.718280e-12 1.811491e-12 1.854878e-12 1.902861e-12 2.213703e-12 1.786890e-12 1.786890e-12 1.846410e-12 1.884880e-12 1.706346e-12 1.652150e-12 1.673676e-12 1.816782e-12 1.990756e-12 1.903003e-12 2.163770e-12 1.798813e-12 1.798813e-12 1.800194e-12 2.180531e-12 2.094421e-12 1.944861e-12 1.788739e-12 1.967909e-12 1.892577e-12 1.983294e-12 1.760322e-12 1.978700e-12 1.978700e-12 1.803557e-12 1.848858e-12 1.891198e-12 1.653797e-12 1.942263e-12 1.863016e-12 1.596060e-12 1.731523e-12 1.985326e-12 2.352105e-12 2.352105e-12 2.125161e-12 1.900100e-12 1.771166e-12 2.143847e-12 2.025721e-12 2.090554e-12 2.136404e-12 2.416482e-12 2.541297e-12 2.352105e-12 2.352105e-12 2.125161e-12 1.900100e-12 1.771166e-12 2.143847e-12 2.025721e-12 2.090554e-12 2.136404e-12 2.416482e-12 2.541297e-12 2.065130e-12 2.065130e-12 1.847800e-12 1.721149e-12 1.819792e-12 1.970946e-12 1.723854e-12 1.890989e-12 1.964040e-12 2.117568e-12 2.219563e-12 1.825787e-12 1.825787e-12 1.805179e-12 1.570789e-12 1.759458e-12 1.686405e-12 1.661959e-12 1.757474e-12 1.961968e-12 1.932459e-12 1.984155e-12 1.981572e-12 1.981572e-12 1.683322e-12 1.612825e-12 1.744429e-12 1.752338e-12 1.474016e-12 1.750100e-12 2.005931e-12 2.110097e-12 2.008306e-12 1.718544e-12 1.718544e-12 1.590574e-12 1.623232e-12 1.543454e-12 1.482225e-12 1.636362e-12 1.659427e-12 1.836479e-12 1.811099e-12 2.113609e-12 1.790490e-12 1.790490e-12 1.785175e-12 1.739075e-12 1.700426e-12 1.563019e-12 1.466331e-12 1.765067e-12 1.717828e-12 1.907663e-12 2.073512e-12 1.698312e-12 1.698312e-12 1.797374e-12 1.731318e-12 1.609835e-12 1.385612e-12 1.701292e-12 1.797628e-12 1.893583e-12 2.020441e-12 2.017879e-12 1.860567e-12 1.860567e-12 1.893414e-12 2.055692e-12 1.677185e-12 1.643816e-12 1.695273e-12 1.878823e-12 1.724001e-12 1.746657e-12 2.134190e-12 1.738371e-12 1.738371e-12 1.777177e-12 2.199622e-12 2.079511e-12 1.894058e-12 1.842940e-12 1.968074e-12 1.867082e-12 1.842339e-12 1.826728e-12 1.751261e-12 1.751261e-12 1.834945e-12 1.999808e-12 1.946410e-12 1.678226e-12 1.883336e-12 1.709312e-12 1.510675e-12 1.696773e-12 1.984285e-12 1.941598e-12 1.941598e-12 2.147622e-12 1.968136e-12 1.822035e-12 2.100579e-12 2.123134e-12 1.898912e-12 2.162400e-12 2.397333e-12 2.386601e-12 1.941598e-12 1.941598e-12 2.147622e-12 1.968136e-12 1.822035e-12 2.100579e-12 2.123134e-12 1.898912e-12 2.162400e-12 2.397333e-12 2.386601e-12 1.978648e-12 1.978648e-12 1.764101e-12 1.665441e-12 1.779203e-12 1.884333e-12 1.504554e-12 1.906179e-12 1.963030e-12 2.001559e-12 2.459279e-12 1.938353e-12 1.938353e-12 1.866395e-12 1.668697e-12 1.752830e-12 1.787129e-12 1.695279e-12 1.747435e-12 1.901518e-12 1.985329e-12 2.111469e-12 1.746141e-12 1.746141e-12 1.804287e-12 1.772229e-12 1.643870e-12 1.862015e-12 1.464691e-12 1.753710e-12 1.947009e-12 1.767043e-12 2.060323e-12 1.804019e-12 1.804019e-12 1.520598e-12 1.523669e-12 1.640154e-12 1.471106e-12 1.372504e-12 1.715318e-12 1.862243e-12 1.856650e-12 2.178659e-12 1.733946e-12 1.733946e-12 1.841880e-12 1.734464e-12 1.680595e-12 1.546692e-12 1.408883e-12 1.818555e-12 1.963520e-12 1.830410e-12 2.144744e-12 1.624260e-12 1.624260e-12 1.741768e-12 1.724800e-12 1.809801e-12 1.567262e-12 1.353851e-12 1.633709e-12 1.914863e-12 1.908823e-12 2.132788e-12 1.902457e-12 1.902457e-12 1.724115e-12 1.997688e-12 1.805757e-12 1.537372e-12 1.520761e-12 1.900238e-12 1.766719e-12 1.944337e-12 2.286234e-12 1.638839e-12 1.638839e-12 1.812447e-12 2.069411e-12 1.907841e-12 1.794065e-12 1.948997e-12 1.926481e-12 1.906825e-12 1.962203e-12 1.825299e-12 1.762663e-12 1.762663e-12 1.867742e-12 2.123626e-12 1.806599e-12 1.935265e-12 1.754884e-12 1.600839e-12 1.677010e-12 1.760392e-12 2.037900e-12 2.029149e-12 2.029149e-12 2.010968e-12 1.946844e-12 1.876207e-12 2.274392e-12 2.110180e-12 1.990882e-12 2.237759e-12 2.266529e-12 2.357097e-12 2.029149e-12 2.029149e-12 2.010968e-12 1.946844e-12 1.876207e-12 2.274392e-12 2.110180e-12 1.990882e-12 2.237759e-12 2.266529e-12 2.357097e-12 1.930741e-12 1.930741e-12 1.892333e-12 1.690541e-12 1.549097e-12 1.752162e-12 1.597676e-12 1.940864e-12 1.895699e-12 2.185874e-12 2.303661e-12 1.989806e-12 1.989806e-12 1.581929e-12 1.585452e-12 1.580635e-12 1.699619e-12 1.667031e-12 1.855545e-12 1.991796e-12 1.971158e-12 2.338632e-12 1.743452e-12 1.743452e-12 1.704852e-12 1.756345e-12 1.616930e-12 1.617865e-12 1.496774e-12 1.779178e-12 1.957408e-12 1.897222e-12 2.068276e-12 1.947741e-12 1.947741e-12 1.614046e-12 1.550128e-12 1.827516e-12 1.486167e-12 1.475540e-12 1.630763e-12 1.992473e-12 1.846695e-12 1.977699e-12 1.777284e-12 1.777284e-12 1.674858e-12 1.673979e-12 1.626644e-12 1.369176e-12 1.417173e-12 1.713662e-12 1.868209e-12 2.065647e-12 2.046151e-12 1.708378e-12 1.708378e-12 1.638248e-12 1.829072e-12 1.648759e-12 1.513132e-12 1.489343e-12 1.558689e-12 1.790426e-12 1.809318e-12 2.173613e-12 1.873601e-12 1.873601e-12 1.742176e-12 2.004375e-12 1.815116e-12 1.495067e-12 1.603455e-12 2.000953e-12 1.865088e-12 1.890680e-12 2.402703e-12 1.710709e-12 1.710709e-12 1.856859e-12 2.148465e-12 1.830329e-12 1.662670e-12 1.816854e-12 1.754152e-12 1.943376e-12 1.858663e-12 1.897908e-12 1.877937e-12 1.877937e-12 1.910760e-12 2.128381e-12 1.861551e-12 1.940879e-12 1.760986e-12 1.825289e-12 1.795939e-12 1.773358e-12 2.083882e-12 2.160606e-12 2.160606e-12 2.025551e-12 1.823994e-12 1.657273e-12 2.243777e-12 2.116658e-12 1.977991e-12 2.266111e-12 2.228033e-12 2.517773e-12 2.160606e-12 2.160606e-12 2.025551e-12 1.823994e-12 1.657273e-12 2.243777e-12 2.116658e-12 1.977991e-12 2.266111e-12 2.228033e-12 2.517773e-12 1.941808e-12 1.941808e-12 1.838964e-12 1.916077e-12 1.521487e-12 1.826541e-12 1.676204e-12 1.722582e-12 2.021293e-12 2.085513e-12 2.271068e-12 1.828812e-12 1.828812e-12 1.640732e-12 1.831152e-12 1.565111e-12 1.662392e-12 1.639862e-12 1.814851e-12 1.958708e-12 2.081337e-12 2.249695e-12 1.761503e-12 1.761503e-12 1.737108e-12 1.688273e-12 1.529419e-12 1.484334e-12 1.533447e-12 1.656666e-12 2.194424e-12 1.814774e-12 2.077518e-12 1.787096e-12 1.787096e-12 1.637328e-12 1.607465e-12 1.740706e-12 1.537027e-12 1.428623e-12 1.671399e-12 1.989274e-12 1.891508e-12 2.062234e-12 1.872434e-12 1.872434e-12 1.627401e-12 1.751695e-12 1.655593e-12 1.546301e-12 1.506716e-12 1.612131e-12 1.994142e-12 2.069579e-12 2.132497e-12 1.676263e-12 1.676263e-12 1.776681e-12 1.728266e-12 1.493533e-12 1.432847e-12 1.370196e-12 1.595921e-12 1.868217e-12 1.947000e-12 2.229443e-12 1.777775e-12 1.777775e-12 1.723715e-12 1.877273e-12 1.794817e-12 1.614202e-12 1.563301e-12 1.774682e-12 1.729361e-12 1.876933e-12 2.396580e-12 1.698442e-12 1.698442e-12 1.684462e-12 2.033187e-12 1.979443e-12 1.780501e-12 1.696822e-12 1.718458e-12 1.794114e-12 1.874824e-12 2.187707e-12 1.907375e-12 1.907375e-12 1.909712e-12 2.117840e-12 1.934388e-12 1.945151e-12 1.784299e-12 1.826014e-12 1.846512e-12 1.801359e-12 2.115893e-12 2.121852e-12 2.121852e-12 1.867290e-12 1.861517e-12 1.804374e-12 2.164921e-12 2.094260e-12 1.977935e-12 2.198877e-12 2.183871e-12 2.707448e-12 2.121852e-12 2.121852e-12 1.867290e-12 1.861517e-12 1.804374e-12 2.164921e-12 2.094260e-12 1.977935e-12 2.198877e-12 2.183871e-12 2.707448e-12 2.008632e-12 2.008632e-12 1.832143e-12 1.885457e-12 1.682689e-12 1.874306e-12 1.670405e-12 1.878767e-12 1.987708e-12 2.009086e-12 2.394728e-12 1.848036e-12 1.848036e-12 1.636881e-12 1.660987e-12 1.806612e-12 1.554848e-12 1.559013e-12 1.748782e-12 1.827304e-12 1.888872e-12 2.216226e-12 1.757760e-12 1.757760e-12 1.695761e-12 1.584977e-12 1.648833e-12 1.646016e-12 1.481645e-12 1.692427e-12 2.198688e-12 1.862045e-12 1.953963e-12 1.766800e-12 1.766800e-12 1.573577e-12 1.673949e-12 1.599356e-12 1.495068e-12 1.369569e-12 1.644955e-12 1.894023e-12 1.841301e-12 2.072189e-12 1.705215e-12 1.705215e-12 1.662118e-12 1.539925e-12 1.634020e-12 1.551079e-12 1.385992e-12 1.652677e-12 2.014301e-12 2.092410e-12 2.187435e-12 1.797124e-12 1.797124e-12 1.691053e-12 1.797944e-12 1.555485e-12 1.478968e-12 1.317029e-12 1.710562e-12 1.837393e-12 1.883726e-12 2.253522e-12 1.797971e-12 1.797971e-12 1.637577e-12 1.826795e-12 1.743147e-12 1.562801e-12 1.614418e-12 1.692847e-12 1.774301e-12 2.060276e-12 2.273512e-12 1.840387e-12 1.840387e-12 1.806228e-12 2.184699e-12 1.989871e-12 1.925094e-12 1.638477e-12 1.830629e-12 1.906908e-12 1.910320e-12 2.331085e-12 1.747764e-12 1.747764e-12 1.717445e-12 2.076363e-12 1.832315e-12 1.898439e-12 1.974778e-12 1.886417e-12 1.909311e-12 1.744817e-12 2.280993e-12 2.137084e-12 2.137084e-12 1.956276e-12 1.736129e-12 1.896882e-12 2.114579e-12 2.065048e-12 1.951067e-12 2.351191e-12 2.412906e-12 2.581237e-12 2.137084e-12 2.137084e-12 1.956276e-12 1.736129e-12 1.896882e-12 2.114579e-12 2.065048e-12 1.951067e-12 2.351191e-12 2.412906e-12 2.581237e-12 1.912515e-12 1.912515e-12 1.720588e-12 1.862908e-12 1.842100e-12 1.783484e-12 1.814402e-12 1.859695e-12 2.133776e-12 2.037356e-12 2.200648e-12 1.781445e-12 1.781445e-12 1.650442e-12 1.666536e-12 1.774094e-12 1.620194e-12 1.593027e-12 1.835245e-12 1.826556e-12 1.850483e-12 2.069547e-12 1.723108e-12 1.723108e-12 1.728888e-12 1.598632e-12 1.510095e-12 1.526543e-12 1.445620e-12 1.705368e-12 1.920180e-12 1.802532e-12 2.009316e-12 1.847055e-12 1.847055e-12 1.601727e-12 1.656210e-12 1.615510e-12 1.440145e-12 1.396513e-12 1.764283e-12 1.888195e-12 1.951014e-12 2.361981e-12 1.788845e-12 1.788845e-12 1.811311e-12 1.546346e-12 1.580059e-12 1.350612e-12 1.416461e-12 1.591987e-12 1.890097e-12 2.036294e-12 2.050464e-12 1.863765e-12 1.863765e-12 1.599325e-12 1.748348e-12 1.775411e-12 1.605470e-12 1.577496e-12 1.596419e-12 1.786240e-12 1.924789e-12 2.225416e-12 1.858765e-12 1.858765e-12 1.674962e-12 1.899362e-12 1.754247e-12 1.577265e-12 1.726950e-12 1.786698e-12 1.821616e-12 2.000212e-12 2.084784e-12 1.887262e-12 1.887262e-12 1.876566e-12 2.245532e-12 1.819666e-12 1.846341e-12 1.734082e-12 1.848701e-12 2.203729e-12 2.049051e-12 2.185586e-12 1.845671e-12 1.845671e-12 1.675701e-12 2.221532e-12 1.862543e-12 1.929847e-12 1.865632e-12 1.907617e-12 1.937930e-12 1.847098e-12 2.297269e-12 2.168852e-12 2.168852e-12 1.956472e-12 1.781663e-12 1.915588e-12 2.169354e-12 1.984115e-12 2.007081e-12 2.334879e-12 2.464559e-12 2.557281e-12 2.168852e-12 2.168852e-12 1.956472e-12 1.781663e-12 1.915588e-12 2.169354e-12 1.984115e-12 2.007081e-12 2.334879e-12 2.464559e-12 2.557281e-12 1.934981e-12 1.934981e-12 1.739800e-12 1.762871e-12 1.742860e-12 1.716500e-12 1.766363e-12 1.807956e-12 2.159874e-12 2.221349e-12 2.372100e-12 1.892367e-12 1.892367e-12 1.815063e-12 1.474886e-12 1.759954e-12 1.609863e-12 1.708072e-12 1.962757e-12 1.983016e-12 2.248913e-12 2.365965e-12 1.711299e-12 1.711299e-12 1.635543e-12 1.666484e-12 1.421253e-12 1.482489e-12 1.607117e-12 1.751254e-12 2.080487e-12 1.734559e-12 2.133829e-12 1.921592e-12 1.921592e-12 1.694412e-12 1.565732e-12 1.708661e-12 1.508211e-12 1.483963e-12 1.606575e-12 1.757938e-12 2.153055e-12 2.317528e-12 1.748187e-12 1.748187e-12 1.853721e-12 1.537886e-12 1.663687e-12 1.379747e-12 1.410510e-12 1.534184e-12 1.913608e-12 1.926457e-12 2.157241e-12 1.890071e-12 1.890071e-12 1.527396e-12 1.493027e-12 1.763572e-12 1.579574e-12 1.539673e-12 1.657425e-12 1.900914e-12 2.031259e-12 2.258885e-12 1.774263e-12 1.774263e-12 1.791667e-12 2.053715e-12 1.745500e-12 1.574615e-12 1.653820e-12 1.778041e-12 1.787565e-12 2.083517e-12 2.381961e-12 1.911516e-12 1.911516e-12 1.784288e-12 2.147880e-12 1.836146e-12 1.754338e-12 1.941508e-12 1.829533e-12 2.082794e-12 2.028670e-12 2.286727e-12 1.893358e-12 1.893358e-12 1.841823e-12 2.296229e-12 1.981420e-12 2.065172e-12 1.740799e-12 1.824570e-12 2.047271e-12 2.094067e-12 2.185003e-12 2.285622e-12 2.285622e-12 1.960921e-12 1.957839e-12 1.777879e-12 2.088099e-12 1.947066e-12 2.001288e-12 2.284558e-12 2.227728e-12 2.782522e-12 2.285622e-12 2.285622e-12 1.960921e-12 1.957839e-12 1.777879e-12 2.088099e-12 1.947066e-12 2.001288e-12 2.284558e-12 2.227728e-12 2.782522e-12 1.930183e-12 1.930183e-12 1.669732e-12 1.745183e-12 1.760536e-12 1.737319e-12 1.805495e-12 1.998728e-12 1.947588e-12 2.141545e-12 2.345955e-12 1.884266e-12 1.884266e-12 1.704486e-12 1.391893e-12 1.783170e-12 1.687740e-12 1.726907e-12 1.816629e-12 1.879449e-12 2.268117e-12 2.375171e-12 1.757389e-12 1.757389e-12 1.688078e-12 1.706635e-12 1.550975e-12 1.466299e-12 1.511586e-12 1.578023e-12 2.066841e-12 1.914983e-12 2.206897e-12 2.079072e-12 2.079072e-12 1.909284e-12 1.533278e-12 1.797829e-12 1.545382e-12 1.572496e-12 1.546862e-12 1.799601e-12 2.004792e-12 2.252733e-12 2.001759e-12 2.001759e-12 1.769907e-12 1.552419e-12 1.552684e-12 1.417779e-12 1.440382e-12 1.607360e-12 1.943956e-12 1.945736e-12 2.225153e-12 1.886256e-12 1.886256e-12 1.659375e-12 1.621572e-12 1.902553e-12 1.568910e-12 1.545773e-12 1.761933e-12 1.847966e-12 2.087909e-12 2.176349e-12 1.867194e-12 1.867194e-12 1.891808e-12 2.025720e-12 1.941444e-12 1.423568e-12 1.676863e-12 1.708899e-12 1.828996e-12 2.260167e-12 2.364760e-12 2.061061e-12 2.061061e-12 1.749089e-12 2.220326e-12 1.806194e-12 1.721301e-12 1.820732e-12 1.879415e-12 1.918466e-12 2.243636e-12 2.357133e-12 1.950355e-12 1.950355e-12 1.757054e-12 2.124097e-12 2.050466e-12 2.077532e-12 1.834959e-12 1.944951e-12 2.033328e-12 2.051063e-12 2.162673e-12 2.227642e-12 2.227642e-12 1.998816e-12 1.807944e-12 1.817546e-12 1.978791e-12 2.069801e-12 1.990212e-12 2.291606e-12 2.325004e-12 2.917208e-12 2.227642e-12 2.227642e-12 1.998816e-12 1.807944e-12 1.817546e-12 1.978791e-12 2.069801e-12 1.990212e-12 2.291606e-12 2.325004e-12 2.917208e-12 1.979517e-12 1.979517e-12 1.633775e-12 1.788692e-12 1.743384e-12 1.803570e-12 1.795779e-12 1.949313e-12 1.782507e-12 2.161405e-12 2.318128e-12 2.014516e-12 2.014516e-12 1.737763e-12 1.556514e-12 1.618051e-12 1.586298e-12 1.671032e-12 1.877517e-12 1.854261e-12 2.186405e-12 2.277945e-12 1.859675e-12 1.859675e-12 1.690782e-12 1.605095e-12 1.647882e-12 1.588778e-12 1.494993e-12 1.763576e-12 1.980590e-12 1.950469e-12 2.079991e-12 1.933314e-12 1.933314e-12 1.697717e-12 1.545070e-12 1.628353e-12 1.522497e-12 1.418085e-12 1.510404e-12 1.834024e-12 2.083926e-12 2.071288e-12 1.949260e-12 1.949260e-12 1.649126e-12 1.538172e-12 1.551790e-12 1.358249e-12 1.498984e-12 1.555524e-12 1.884970e-12 1.861676e-12 2.307110e-12 1.826114e-12 1.826114e-12 1.710946e-12 1.675592e-12 1.709978e-12 1.391360e-12 1.441814e-12 1.730938e-12 1.888978e-12 2.156944e-12 2.141891e-12 1.973165e-12 1.973165e-12 1.729205e-12 1.894069e-12 1.908616e-12 1.627198e-12 1.792811e-12 1.776671e-12 1.974959e-12 2.028550e-12 2.467979e-12 2.020203e-12 2.020203e-12 1.899555e-12 2.120592e-12 1.885103e-12 1.864994e-12 1.779380e-12 1.845291e-12 1.860869e-12 2.216694e-12 2.282939e-12 1.812582e-12 1.812582e-12 1.773092e-12 2.085697e-12 2.179023e-12 1.900069e-12 1.605031e-12 2.035380e-12 2.160871e-12 2.092698e-12 2.081701e-12 2.097089e-12 2.097089e-12 2.087396e-12 1.755470e-12 1.804073e-12 1.965349e-12 2.122506e-12 1.896997e-12 2.214528e-12 2.319034e-12 2.701060e-12 2.097089e-12 2.097089e-12 2.087396e-12 1.755470e-12 1.804073e-12 1.965349e-12 2.122506e-12 1.896997e-12 2.214528e-12 2.319034e-12 2.701060e-12 1.973238e-12 1.973238e-12 1.704216e-12 1.910510e-12 1.691282e-12 1.882889e-12 1.669160e-12 1.820564e-12 2.026037e-12 2.184689e-12 2.508829e-12 1.892334e-12 1.892334e-12 1.934303e-12 1.526299e-12 1.618851e-12 1.725835e-12 1.712776e-12 1.798020e-12 1.765033e-12 2.189045e-12 2.372467e-12 1.769112e-12 1.769112e-12 1.765883e-12 1.505283e-12 1.708056e-12 1.457677e-12 1.465137e-12 1.839665e-12 1.950406e-12 2.288365e-12 2.144716e-12 1.856738e-12 1.856738e-12 1.526679e-12 1.526496e-12 1.585019e-12 1.557064e-12 1.424020e-12 1.466251e-12 1.837096e-12 1.952226e-12 2.246054e-12 1.926434e-12 1.926434e-12 1.602875e-12 1.660796e-12 1.544341e-12 1.476546e-12 1.575178e-12 1.607599e-12 1.976080e-12 2.038412e-12 2.111023e-12 1.952436e-12 1.952436e-12 1.583979e-12 1.792977e-12 1.535905e-12 1.409815e-12 1.467081e-12 1.755856e-12 1.769964e-12 2.358638e-12 2.212200e-12 1.793529e-12 1.793529e-12 1.614700e-12 1.941545e-12 1.861322e-12 1.744966e-12 1.707452e-12 1.753131e-12 1.930846e-12 2.050528e-12 2.239817e-12 2.041841e-12 2.041841e-12 1.852816e-12 1.928272e-12 2.027009e-12 1.796000e-12 1.689923e-12 1.831828e-12 1.974517e-12 2.119689e-12 2.323455e-12 1.725969e-12 1.725969e-12 1.720148e-12 2.196030e-12 2.184757e-12 1.917594e-12 1.734522e-12 1.870665e-12 2.095802e-12 2.137836e-12 2.184509e-12 2.114560e-12 2.114560e-12 1.967512e-12 1.666257e-12 1.830601e-12 2.011385e-12 1.991754e-12 1.863312e-12 2.269638e-12 2.384863e-12 2.729428e-12 2.114560e-12 2.114560e-12 1.967512e-12 1.666257e-12 1.830601e-12 2.011385e-12 1.991754e-12 1.863312e-12 2.269638e-12 2.384863e-12 2.729428e-12 1.954349e-12 1.954349e-12 1.657846e-12 1.787777e-12 1.623510e-12 1.697945e-12 1.688336e-12 1.974710e-12 2.078980e-12 1.986033e-12 2.466045e-12 1.957229e-12 1.957229e-12 1.721821e-12 1.633302e-12 1.601770e-12 1.618818e-12 1.626210e-12 1.874667e-12 1.750166e-12 2.042389e-12 2.379599e-12 1.825881e-12 1.825881e-12 1.803784e-12 1.486767e-12 1.614243e-12 1.496229e-12 1.501055e-12 1.699047e-12 2.037090e-12 2.356285e-12 2.186055e-12 2.024518e-12 2.024518e-12 1.589341e-12 1.626934e-12 1.639634e-12 1.569559e-12 1.508346e-12 1.698691e-12 1.895526e-12 2.033101e-12 2.376807e-12 1.714805e-12 1.714805e-12 1.649531e-12 1.476136e-12 1.579704e-12 1.646751e-12 1.362334e-12 1.610309e-12 2.014283e-12 2.261098e-12 2.241249e-12 1.985727e-12 1.985727e-12 1.775626e-12 1.772869e-12 1.572230e-12 1.404638e-12 1.423637e-12 1.808909e-12 1.928785e-12 2.268153e-12 2.367986e-12 1.869594e-12 1.869594e-12 1.559473e-12 1.909323e-12 1.752301e-12 1.674326e-12 1.599636e-12 1.710785e-12 1.830431e-12 1.979655e-12 2.139387e-12 1.985619e-12 1.985619e-12 1.822897e-12 1.961104e-12 2.003016e-12 1.718040e-12 1.593260e-12 1.846221e-12 2.117983e-12 2.180119e-12 2.382460e-12 1.717761e-12 1.717761e-12 1.844929e-12 2.364085e-12 2.072398e-12 2.142030e-12 1.943766e-12 1.826344e-12 2.230077e-12 2.342869e-12 2.103991e-12 2.047416e-12 2.047416e-12 2.042683e-12 1.871037e-12 1.872991e-12 2.082336e-12 1.907331e-12 1.976629e-12 2.439522e-12 2.441254e-12 2.788371e-12 2.047416e-12 2.047416e-12 2.042683e-12 1.871037e-12 1.872991e-12 2.082336e-12 1.907331e-12 1.976629e-12 2.439522e-12 2.441254e-12 2.788371e-12 2.006867e-12 2.006867e-12 1.530877e-12 1.687347e-12 1.615032e-12 1.617070e-12 1.732080e-12 2.032316e-12 2.074606e-12 1.943975e-12 2.611983e-12 1.864798e-12 1.864798e-12 1.676087e-12 1.585175e-12 1.782771e-12 1.694714e-12 1.572227e-12 1.862638e-12 1.745579e-12 2.297905e-12 2.340208e-12 1.975261e-12 1.975261e-12 1.760180e-12 1.522693e-12 1.574473e-12 1.564593e-12 1.459775e-12 1.780277e-12 1.907938e-12 2.047183e-12 2.197855e-12 1.946343e-12 1.946343e-12 1.672565e-12 1.504428e-12 1.554704e-12 1.691637e-12 1.602844e-12 1.662165e-12 1.850044e-12 1.986717e-12 2.204675e-12 1.762512e-12 1.762512e-12 1.705543e-12 1.598239e-12 1.435485e-12 1.458788e-12 1.339687e-12 1.663446e-12 2.100423e-12 2.181575e-12 2.178881e-12 1.991331e-12 1.991331e-12 1.741301e-12 1.795912e-12 1.567096e-12 1.562462e-12 1.532303e-12 1.605005e-12 1.908767e-12 2.294882e-12 2.345097e-12 1.763915e-12 1.763915e-12 1.723366e-12 1.777397e-12 1.739483e-12 1.699096e-12 1.649060e-12 2.024360e-12 2.064771e-12 2.064320e-12 2.214741e-12 1.917194e-12 1.917194e-12 1.769425e-12 1.855095e-12 2.079296e-12 1.981236e-12 1.593699e-12 1.897181e-12 1.947344e-12 2.434593e-12 2.412249e-12 1.827655e-12 1.827655e-12 1.782719e-12 2.212392e-12 2.173058e-12 1.980404e-12 1.954692e-12 2.085794e-12 2.302704e-12 2.255553e-12 2.019005e-12 2.187159e-12 2.187159e-12 2.051491e-12 1.853230e-12 1.868531e-12 2.072355e-12 1.849358e-12 1.816506e-12 2.365422e-12 2.276473e-12 2.653298e-12 2.187159e-12 2.187159e-12 2.051491e-12 1.853230e-12 1.868531e-12 2.072355e-12 1.849358e-12 1.816506e-12 2.365422e-12 2.276473e-12 2.653298e-12 2.094990e-12 2.094990e-12 1.595170e-12 1.549269e-12 1.656175e-12 1.698221e-12 1.656535e-12 2.089753e-12 2.027920e-12 1.897860e-12 2.583497e-12 1.731467e-12 1.731467e-12 1.743254e-12 1.481603e-12 1.739883e-12 1.767001e-12 1.789453e-12 1.782777e-12 1.814688e-12 2.290723e-12 2.435837e-12 1.898372e-12 1.898372e-12 1.691516e-12 1.636645e-12 1.511094e-12 1.524942e-12 1.564473e-12 1.768073e-12 1.843204e-12 1.970582e-12 2.173735e-12 1.892670e-12 1.892670e-12 1.572363e-12 1.521602e-12 1.594897e-12 1.662165e-12 1.521782e-12 1.593099e-12 1.935971e-12 2.125889e-12 2.241551e-12 1.999610e-12 1.999610e-12 1.656164e-12 1.689757e-12 1.477942e-12 1.403575e-12 1.485756e-12 1.726664e-12 2.038133e-12 2.290573e-12 2.199356e-12 1.916228e-12 1.916228e-12 1.729142e-12 1.723143e-12 1.728554e-12 1.579597e-12 1.524521e-12 1.685118e-12 1.839947e-12 2.265541e-12 2.504009e-12 1.773129e-12 1.773129e-12 1.625429e-12 1.932215e-12 1.722747e-12 1.703309e-12 1.497769e-12 1.977764e-12 2.266109e-12 2.150398e-12 2.115089e-12 1.914054e-12 1.914054e-12 1.940679e-12 2.022078e-12 1.997479e-12 1.814823e-12 1.747555e-12 2.022813e-12 1.965796e-12 2.356818e-12 2.305129e-12 1.832424e-12 1.832424e-12 1.821387e-12 2.138324e-12 2.186665e-12 1.791109e-12 1.962515e-12 1.978307e-12 2.083080e-12 2.159581e-12 2.106525e-12 2.118915e-12 2.118915e-12 1.913636e-12 1.766952e-12 1.866394e-12 2.035787e-12 2.008068e-12 1.758052e-12 2.280657e-12 2.161075e-12 2.594429e-12 2.118915e-12 2.118915e-12 1.913636e-12 1.766952e-12 1.866394e-12 2.035787e-12 2.008068e-12 1.758052e-12 2.280657e-12 2.161075e-12 2.594429e-12 2.143640e-12 2.143640e-12 1.791167e-12 1.608966e-12 1.676011e-12 1.733246e-12 1.715053e-12 2.003385e-12 2.056625e-12 1.999169e-12 2.466144e-12 1.956928e-12 1.956928e-12 1.600197e-12 1.560000e-12 1.660055e-12 1.884186e-12 1.745282e-12 1.800578e-12 1.925533e-12 2.199777e-12 2.554761e-12 1.752050e-12 1.752050e-12 1.734648e-12 1.518017e-12 1.545860e-12 1.599613e-12 1.612744e-12 1.618015e-12 1.936287e-12 2.060547e-12 2.422219e-12 1.887291e-12 1.887291e-12 1.441236e-12 1.677867e-12 1.575847e-12 1.399774e-12 1.483987e-12 1.678681e-12 1.959165e-12 2.171056e-12 2.154777e-12 1.831611e-12 1.831611e-12 1.571306e-12 1.672858e-12 1.645760e-12 1.640714e-12 1.541290e-12 1.610808e-12 1.967185e-12 2.281383e-12 2.347043e-12 1.872394e-12 1.872394e-12 1.721032e-12 1.815844e-12 1.773793e-12 1.471595e-12 1.660489e-12 1.684755e-12 1.958721e-12 2.211455e-12 2.316747e-12 1.827675e-12 1.827675e-12 1.613563e-12 1.814179e-12 1.810319e-12 1.539648e-12 1.535348e-12 1.884279e-12 2.272453e-12 2.155330e-12 2.310036e-12 1.730704e-12 1.730704e-12 1.773011e-12 2.236661e-12 1.760873e-12 1.728930e-12 1.760163e-12 1.839652e-12 2.122542e-12 2.514097e-12 2.241854e-12 1.738462e-12 1.738462e-12 1.870348e-12 2.259754e-12 2.149981e-12 1.746487e-12 1.880317e-12 2.034168e-12 2.145903e-12 2.240788e-12 2.140296e-12 2.052776e-12 2.052776e-12 1.924378e-12 1.681897e-12 1.779426e-12 2.152846e-12 1.914290e-12 1.828781e-12 2.119302e-12 2.369445e-12 2.640214e-12 2.052776e-12 2.052776e-12 1.924378e-12 1.681897e-12 1.779426e-12 2.152846e-12 1.914290e-12 1.828781e-12 2.119302e-12 2.369445e-12 2.640214e-12 1.868305e-12 1.868305e-12 1.808348e-12 1.550658e-12 1.624051e-12 1.646108e-12 1.671975e-12 1.934663e-12 2.022909e-12 2.139725e-12 2.639988e-12 1.906537e-12 1.906537e-12 1.527127e-12 1.555443e-12 1.804529e-12 1.722987e-12 1.640304e-12 1.706179e-12 1.795314e-12 2.229687e-12 2.507950e-12 1.664228e-12 1.664228e-12 1.766445e-12 1.462527e-12 1.597857e-12 1.574732e-12 1.771816e-12 1.543882e-12 2.086342e-12 2.044629e-12 2.430574e-12 1.874763e-12 1.874763e-12 1.574188e-12 1.721852e-12 1.588802e-12 1.366479e-12 1.473079e-12 1.644960e-12 1.861719e-12 2.106802e-12 2.151506e-12 1.877188e-12 1.877188e-12 1.580690e-12 1.514628e-12 1.739461e-12 1.579814e-12 1.428805e-12 1.610175e-12 1.996278e-12 2.286491e-12 2.506019e-12 1.727833e-12 1.727833e-12 1.575836e-12 1.604107e-12 1.560540e-12 1.554972e-12 1.673816e-12 1.773089e-12 1.922041e-12 2.278563e-12 2.274962e-12 1.764989e-12 1.764989e-12 1.649755e-12 1.802029e-12 1.890342e-12 1.585560e-12 1.463402e-12 2.159175e-12 2.055160e-12 2.228036e-12 2.434650e-12 1.834774e-12 1.834774e-12 1.777872e-12 1.839871e-12 2.011312e-12 1.881042e-12 1.678423e-12 2.020757e-12 2.194021e-12 2.493292e-12 2.319837e-12 1.788045e-12 1.788045e-12 1.974394e-12 2.119704e-12 2.020751e-12 1.945034e-12 2.136506e-12 2.136905e-12 2.211832e-12 2.291142e-12 2.084417e-12 2.057396e-12 2.057396e-12 1.990506e-12 1.694082e-12 1.860236e-12 1.912611e-12 1.850730e-12 1.871601e-12 2.158520e-12 2.520731e-12 2.384077e-12 2.057396e-12 2.057396e-12 1.990506e-12 1.694082e-12 1.860236e-12 1.912611e-12 1.850730e-12 1.871601e-12 2.158520e-12 2.520731e-12 2.384077e-12 2.180360e-12 2.180360e-12 1.828355e-12 1.534062e-12 1.717285e-12 1.589508e-12 1.612569e-12 1.934709e-12 2.029069e-12 2.132946e-12 2.352994e-12 1.840997e-12 1.840997e-12 1.721061e-12 1.471649e-12 1.714957e-12 1.660087e-12 1.758975e-12 1.818895e-12 1.909468e-12 2.212425e-12 2.277209e-12 1.834488e-12 1.834488e-12 1.740761e-12 1.391514e-12 1.519582e-12 1.668834e-12 1.472330e-12 1.634045e-12 2.037523e-12 2.243704e-12 2.181695e-12 1.804651e-12 1.804651e-12 1.373903e-12 1.573616e-12 1.707249e-12 1.475992e-12 1.444276e-12 1.638988e-12 1.879203e-12 2.120065e-12 2.296209e-12 1.748287e-12 1.748287e-12 1.782451e-12 1.514043e-12 1.531132e-12 1.460377e-12 1.517049e-12 1.627577e-12 2.105237e-12 2.294167e-12 2.432561e-12 1.777018e-12 1.777018e-12 1.646487e-12 1.639625e-12 1.530501e-12 1.531532e-12 1.613585e-12 1.685013e-12 1.890726e-12 2.248293e-12 2.386077e-12 1.746689e-12 1.746689e-12 1.614092e-12 1.924870e-12 1.718544e-12 1.564996e-12 1.478699e-12 2.065979e-12 2.064965e-12 2.366646e-12 2.318888e-12 1.739413e-12 1.739413e-12 1.680574e-12 1.846861e-12 1.941631e-12 1.916665e-12 1.674175e-12 1.981952e-12 2.042670e-12 2.432170e-12 2.217055e-12 1.697736e-12 1.697736e-12 1.839378e-12 2.205541e-12 2.054821e-12 2.056588e-12 1.903822e-12 1.979512e-12 2.314097e-12 2.300390e-12 2.117846e-12 2.107762e-12 2.107762e-12 2.066267e-12 1.696095e-12 1.981622e-12 1.867044e-12 1.826957e-12 1.887551e-12 2.165903e-12 2.069003e-12 2.385305e-12 2.107762e-12 2.107762e-12 2.066267e-12 1.696095e-12 1.981622e-12 1.867044e-12 1.826957e-12 1.887551e-12 2.165903e-12 2.069003e-12 2.385305e-12 2.062607e-12 2.062607e-12 1.634232e-12 1.586093e-12 1.672936e-12 1.703996e-12 1.555329e-12 1.831068e-12 2.217550e-12 2.128678e-12 2.275008e-12 1.906305e-12 1.906305e-12 1.582308e-12 1.447790e-12 1.666640e-12 1.538123e-12 1.775000e-12 1.878953e-12 1.939030e-12 2.070227e-12 2.287007e-12 1.855401e-12 1.855401e-12 1.679234e-12 1.505240e-12 1.507270e-12 1.413971e-12 1.492235e-12 1.706009e-12 1.979918e-12 2.092795e-12 2.105414e-12 1.690110e-12 1.690110e-12 1.302706e-12 1.565410e-12 1.694615e-12 1.670978e-12 1.616181e-12 1.562769e-12 1.818805e-12 2.139321e-12 2.305044e-12 1.749744e-12 1.749744e-12 1.638667e-12 1.532490e-12 1.441632e-12 1.369512e-12 1.394440e-12 1.605169e-12 2.126000e-12 2.421780e-12 2.390974e-12 1.791140e-12 1.791140e-12 1.580609e-12 1.763459e-12 1.674635e-12 1.628597e-12 1.617628e-12 1.672993e-12 2.040727e-12 2.254451e-12 2.432186e-12 1.646976e-12 1.646976e-12 1.782923e-12 1.767013e-12 1.618475e-12 1.622275e-12 1.453662e-12 2.037484e-12 2.042707e-12 2.359351e-12 2.321979e-12 1.713107e-12 1.713107e-12 1.718628e-12 2.045195e-12 2.109251e-12 1.814626e-12 1.911391e-12 1.745062e-12 2.315302e-12 2.494261e-12 2.156807e-12 1.790352e-12 1.790352e-12 1.889593e-12 2.066256e-12 2.060152e-12 1.962762e-12 1.793630e-12 1.928708e-12 2.282668e-12 2.365849e-12 2.289796e-12 2.122143e-12 2.122143e-12 1.897532e-12 1.735805e-12 2.003284e-12 1.827678e-12 1.950740e-12 1.860134e-12 2.237825e-12 2.411871e-12 2.367018e-12 2.122143e-12 2.122143e-12 1.897532e-12 1.735805e-12 2.003284e-12 1.827678e-12 1.950740e-12 1.860134e-12 2.237825e-12 2.411871e-12 2.367018e-12 1.971583e-12 1.971583e-12 1.716406e-12 1.815444e-12 1.669213e-12 1.921043e-12 1.717078e-12 1.878620e-12 1.864182e-12 1.947982e-12 2.428701e-12 1.883256e-12 1.883256e-12 1.564806e-12 1.429874e-12 1.580048e-12 1.617808e-12 1.762014e-12 1.744211e-12 1.808843e-12 2.060421e-12 2.328669e-12 1.631684e-12 1.631684e-12 1.654276e-12 1.557377e-12 1.576771e-12 1.610197e-12 1.656047e-12 1.601066e-12 2.116196e-12 1.935870e-12 2.178774e-12 1.745057e-12 1.745057e-12 1.280938e-12 1.662375e-12 1.644491e-12 1.484408e-12 1.719796e-12 1.657649e-12 1.863417e-12 1.954038e-12 2.249334e-12 1.672791e-12 1.672791e-12 1.601099e-12 1.508879e-12 1.540728e-12 1.497257e-12 1.431286e-12 1.516545e-12 2.003292e-12 2.196283e-12 2.336806e-12 1.720405e-12 1.720405e-12 1.597507e-12 1.771794e-12 1.590009e-12 1.774310e-12 1.429282e-12 1.788909e-12 2.172007e-12 2.086660e-12 2.414678e-12 1.640786e-12 1.640786e-12 1.672220e-12 1.759669e-12 1.840193e-12 1.554039e-12 1.606172e-12 2.040931e-12 2.071230e-12 2.301546e-12 2.409450e-12 1.689146e-12 1.689146e-12 1.758391e-12 2.131439e-12 1.957588e-12 1.771143e-12 1.767299e-12 1.699711e-12 2.099630e-12 2.360005e-12 2.352580e-12 1.733521e-12 1.733521e-12 1.923293e-12 2.069677e-12 2.070881e-12 1.967885e-12 1.792638e-12 1.957701e-12 2.492416e-12 2.318496e-12 2.136677e-12 2.212720e-12 2.212720e-12 1.893843e-12 1.731234e-12 1.964275e-12 1.973702e-12 1.918483e-12 1.860003e-12 2.277120e-12 2.312819e-12 2.574632e-12 2.212720e-12 2.212720e-12 1.893843e-12 1.731234e-12 1.964275e-12 1.973702e-12 1.918483e-12 1.860003e-12 2.277120e-12 2.312819e-12 2.574632e-12 1.848760e-12 1.848760e-12 1.645770e-12 1.835233e-12 1.649893e-12 1.861458e-12 1.682508e-12 1.937052e-12 1.767329e-12 2.044183e-12 2.466368e-12 1.983051e-12 1.983051e-12 1.604456e-12 1.361590e-12 1.876760e-12 1.703711e-12 1.778593e-12 1.686527e-12 1.632792e-12 2.164352e-12 2.396062e-12 1.660252e-12 1.660252e-12 1.614924e-12 1.486389e-12 1.579903e-12 1.699170e-12 1.616588e-12 1.551188e-12 2.038938e-12 2.061969e-12 2.283230e-12 1.673517e-12 1.673517e-12 1.426340e-12 1.501301e-12 1.542500e-12 1.550486e-12 1.602283e-12 1.742088e-12 1.945612e-12 2.017961e-12 2.308157e-12 1.886664e-12 1.886664e-12 1.613309e-12 1.679335e-12 1.421606e-12 1.582628e-12 1.592981e-12 1.491373e-12 1.863764e-12 2.139279e-12 2.245048e-12 1.755890e-12 1.755890e-12 1.582734e-12 1.609369e-12 1.697005e-12 1.735625e-12 1.490241e-12 1.675917e-12 2.171159e-12 2.267789e-12 2.402447e-12 1.537730e-12 1.537730e-12 1.738794e-12 2.031727e-12 1.902071e-12 1.580698e-12 1.632321e-12 1.922797e-12 2.185849e-12 2.289925e-12 2.290151e-12 1.687902e-12 1.687902e-12 1.678721e-12 1.858913e-12 1.958314e-12 1.846693e-12 1.692834e-12 1.829114e-12 1.956857e-12 2.210855e-12 2.404791e-12 1.790290e-12 1.790290e-12 1.935554e-12 2.093032e-12 2.150134e-12 2.029949e-12 1.804161e-12 2.046139e-12 2.430593e-12 2.393463e-12 2.232863e-12 2.365571e-12 2.365571e-12 1.937720e-12 1.583682e-12 1.936232e-12 2.040189e-12 1.976682e-12 1.915559e-12 2.224957e-12 2.348344e-12 2.437613e-12 2.365571e-12 2.365571e-12 1.937720e-12 1.583682e-12 1.936232e-12 2.040189e-12 1.976682e-12 1.915559e-12 2.224957e-12 2.348344e-12 2.437613e-12 1.959951e-12 1.959951e-12 1.483794e-12 1.775005e-12 1.733987e-12 1.885676e-12 1.710979e-12 2.011011e-12 1.781286e-12 2.025560e-12 2.213964e-12 1.983711e-12 1.983711e-12 1.630858e-12 1.535242e-12 1.895422e-12 1.818395e-12 1.627927e-12 1.749953e-12 1.641013e-12 2.176782e-12 2.422037e-12 1.661479e-12 1.661479e-12 1.670311e-12 1.566980e-12 1.530837e-12 1.663048e-12 1.634281e-12 1.820426e-12 1.914126e-12 1.976529e-12 2.105113e-12 1.899384e-12 1.899384e-12 1.400701e-12 1.414935e-12 1.395529e-12 1.591410e-12 1.388697e-12 1.681758e-12 1.959604e-12 1.890879e-12 2.404552e-12 1.751619e-12 1.751619e-12 1.593238e-12 1.783007e-12 1.614847e-12 1.579923e-12 1.647538e-12 1.499925e-12 1.977737e-12 2.206420e-12 2.183056e-12 1.741620e-12 1.741620e-12 1.496331e-12 1.752063e-12 1.755312e-12 1.722993e-12 1.583069e-12 1.658700e-12 1.987382e-12 2.144796e-12 2.288075e-12 1.754813e-12 1.754813e-12 1.656743e-12 1.907210e-12 1.734995e-12 1.782011e-12 1.838104e-12 1.868894e-12 2.136462e-12 2.032928e-12 2.293202e-12 1.779223e-12 1.779223e-12 1.736707e-12 1.837165e-12 1.894771e-12 1.904552e-12 1.512893e-12 2.024105e-12 1.895849e-12 2.304777e-12 2.403818e-12 1.921479e-12 1.921479e-12 1.857077e-12 2.095248e-12 2.480471e-12 2.171727e-12 1.988096e-12 1.960473e-12 2.392951e-12 2.335307e-12 2.430665e-12 2.207684e-12 2.207684e-12 1.953082e-12 1.578101e-12 2.070617e-12 1.936332e-12 1.965624e-12 1.867336e-12 2.300354e-12 2.195023e-12 2.292512e-12 2.207684e-12 2.207684e-12 1.953082e-12 1.578101e-12 2.070617e-12 1.936332e-12 1.965624e-12 1.867336e-12 2.300354e-12 2.195023e-12 2.292512e-12 2.035133e-12 2.035133e-12 1.506085e-12 1.529236e-12 1.728467e-12 1.865660e-12 1.733137e-12 1.995671e-12 1.931856e-12 1.971015e-12 2.168983e-12 1.956283e-12 1.956283e-12 1.666182e-12 1.508507e-12 1.912020e-12 1.690879e-12 1.688908e-12 1.863118e-12 1.778490e-12 1.919984e-12 2.278215e-12 1.685602e-12 1.685602e-12 1.666965e-12 1.568893e-12 1.568051e-12 1.612716e-12 1.617593e-12 1.621643e-12 1.762395e-12 2.042490e-12 2.158952e-12 1.761378e-12 1.761378e-12 1.433432e-12 1.473825e-12 1.482326e-12 1.681265e-12 1.437560e-12 1.618941e-12 1.772500e-12 1.873839e-12 2.452712e-12 1.679083e-12 1.679083e-12 1.575219e-12 1.809230e-12 1.507902e-12 1.549121e-12 1.504270e-12 1.498719e-12 1.936518e-12 2.240054e-12 2.210649e-12 1.564599e-12 1.564599e-12 1.764185e-12 1.626837e-12 1.746604e-12 1.665664e-12 1.554491e-12 1.665052e-12 1.987620e-12 1.987525e-12 2.222465e-12 1.696479e-12 1.696479e-12 1.661726e-12 1.715550e-12 1.681234e-12 1.787430e-12 1.719888e-12 1.818717e-12 1.943497e-12 1.919884e-12 2.125402e-12 1.688275e-12 1.688275e-12 1.676270e-12 1.887253e-12 2.001947e-12 1.910160e-12 1.614337e-12 2.036355e-12 1.932860e-12 2.247663e-12 2.193305e-12 1.884086e-12 1.884086e-12 1.956114e-12 2.022215e-12 2.620310e-12 2.022937e-12 1.967044e-12 1.942351e-12 2.487979e-12 2.251927e-12 2.360284e-12 2.228657e-12 2.228657e-12 1.945128e-12 1.795459e-12 1.975921e-12 2.016299e-12 2.052941e-12 1.882495e-12 2.282463e-12 2.076730e-12 2.249462e-12 2.228657e-12 2.228657e-12 1.945128e-12 1.795459e-12 1.975921e-12 2.016299e-12 2.052941e-12 1.882495e-12 2.282463e-12 2.076730e-12 2.249462e-12 2.042380e-12 2.042380e-12 1.693478e-12 1.500747e-12 1.614436e-12 1.949821e-12 1.816621e-12 1.912507e-12 1.847863e-12 2.101210e-12 2.513912e-12 1.930919e-12 1.930919e-12 1.668098e-12 1.422555e-12 1.799794e-12 1.654228e-12 1.822623e-12 1.891479e-12 1.804906e-12 1.989817e-12 2.292918e-12 1.722124e-12 1.722124e-12 1.634402e-12 1.573469e-12 1.585046e-12 1.619495e-12 1.600426e-12 1.554560e-12 1.866414e-12 2.004688e-12 2.174602e-12 1.809962e-12 1.809962e-12 1.497671e-12 1.527906e-12 1.591214e-12 1.524524e-12 1.588972e-12 1.699409e-12 1.848127e-12 1.997204e-12 2.364533e-12 1.892840e-12 1.892840e-12 1.622745e-12 1.594699e-12 1.619014e-12 1.567718e-12 1.331134e-12 1.558353e-12 1.957278e-12 2.147110e-12 2.226669e-12 1.720761e-12 1.720761e-12 1.606329e-12 1.504088e-12 1.787976e-12 1.802723e-12 1.661770e-12 1.536320e-12 1.934222e-12 1.958055e-12 2.304850e-12 1.659994e-12 1.659994e-12 1.631933e-12 1.726413e-12 1.778084e-12 1.714558e-12 1.531759e-12 1.750102e-12 1.938635e-12 2.100835e-12 2.077162e-12 1.732221e-12 1.732221e-12 1.664041e-12 1.832187e-12 2.302236e-12 1.983728e-12 1.737170e-12 1.951552e-12 1.841832e-12 2.088884e-12 2.250603e-12 1.941844e-12 1.941844e-12 2.031299e-12 2.034689e-12 2.224043e-12 1.957530e-12 1.997148e-12 1.957027e-12 2.141013e-12 2.278991e-12 2.304315e-12 2.160121e-12 2.160121e-12 1.976834e-12 1.674040e-12 1.870913e-12 1.947211e-12 2.197054e-12 2.127519e-12 2.146319e-12 2.068705e-12 2.553975e-12 2.160121e-12 2.160121e-12 1.976834e-12 1.674040e-12 1.870913e-12 1.947211e-12 2.197054e-12 2.127519e-12 2.146319e-12 2.068705e-12 2.553975e-12 1.970275e-12 1.970275e-12 1.678985e-12 1.608584e-12 1.781775e-12 1.933662e-12 1.812306e-12 1.863544e-12 2.004286e-12 2.003634e-12 2.478919e-12 1.967458e-12 1.967458e-12 1.676715e-12 1.475775e-12 1.691932e-12 1.616378e-12 1.861829e-12 2.044919e-12 1.750983e-12 1.961835e-12 2.212867e-12 1.807605e-12 1.807605e-12 1.651211e-12 1.498493e-12 1.572058e-12 1.540638e-12 1.562951e-12 1.591379e-12 1.942579e-12 2.144236e-12 2.294560e-12 1.785358e-12 1.785358e-12 1.522648e-12 1.433309e-12 1.605951e-12 1.584673e-12 1.557996e-12 1.748588e-12 1.886448e-12 2.104663e-12 2.199498e-12 1.864974e-12 1.864974e-12 1.582989e-12 1.461003e-12 1.656389e-12 1.674634e-12 1.403719e-12 1.506119e-12 1.803283e-12 2.047814e-12 2.174658e-12 1.662562e-12 1.662562e-12 1.505316e-12 1.443202e-12 1.731523e-12 1.799866e-12 1.640919e-12 1.635961e-12 1.800841e-12 2.170277e-12 2.135185e-12 1.758367e-12 1.758367e-12 1.691944e-12 2.015094e-12 1.721017e-12 1.677885e-12 1.573007e-12 1.775275e-12 1.983811e-12 2.070566e-12 2.343124e-12 1.826618e-12 1.826618e-12 1.706105e-12 2.029611e-12 1.940381e-12 1.955777e-12 1.702376e-12 1.885153e-12 1.896016e-12 2.135837e-12 2.309302e-12 2.002151e-12 2.002151e-12 1.878467e-12 2.108995e-12 2.136301e-12 1.928567e-12 1.884433e-12 1.949072e-12 2.047197e-12 1.983844e-12 2.543762e-12 1.968780e-12 1.968780e-12 1.791922e-12 1.735355e-12 1.933691e-12 1.839518e-12 2.199968e-12 2.053515e-12 2.267088e-12 2.052072e-12 2.534096e-12 1.968780e-12 1.968780e-12 1.791922e-12 1.735355e-12 1.933691e-12 1.839518e-12 2.199968e-12 2.053515e-12 2.267088e-12 2.052072e-12 2.534096e-12 2.004064e-12 2.004064e-12 1.622818e-12 1.549258e-12 1.637669e-12 1.797374e-12 1.688340e-12 1.737672e-12 2.108771e-12 2.005073e-12 2.190033e-12 1.900612e-12 1.900612e-12 1.547725e-12 1.594515e-12 1.619102e-12 1.703497e-12 1.857601e-12 1.818601e-12 1.869710e-12 1.915999e-12 2.244279e-12 1.768106e-12 1.768106e-12 1.743826e-12 1.501882e-12 1.650608e-12 1.664092e-12 1.583186e-12 1.707760e-12 2.041079e-12 2.127958e-12 2.363690e-12 1.630677e-12 1.630677e-12 1.778124e-12 1.549113e-12 1.635397e-12 1.613067e-12 1.539239e-12 1.696628e-12 1.818392e-12 1.882102e-12 2.205804e-12 1.750177e-12 1.750177e-12 1.496513e-12 1.378254e-12 1.618403e-12 1.656005e-12 1.544144e-12 1.623980e-12 1.757204e-12 2.043143e-12 2.161541e-12 1.768495e-12 1.768495e-12 1.588316e-12 1.514195e-12 1.679696e-12 1.667335e-12 1.600647e-12 1.758138e-12 2.020617e-12 2.002052e-12 1.916697e-12 1.795288e-12 1.795288e-12 1.573907e-12 1.902210e-12 1.666768e-12 1.628632e-12 1.642453e-12 1.678661e-12 1.968078e-12 2.041665e-12 2.272622e-12 1.714554e-12 1.714554e-12 1.842640e-12 2.010718e-12 1.851626e-12 1.817136e-12 1.634495e-12 1.833136e-12 2.072541e-12 2.054338e-12 2.220411e-12 1.839289e-12 1.839289e-12 1.890293e-12 2.104243e-12 2.212718e-12 2.159358e-12 1.845312e-12 1.954925e-12 1.995775e-12 2.156835e-12 2.558944e-12 2.012094e-12 2.012094e-12 1.763135e-12 1.804846e-12 1.726699e-12 1.818976e-12 2.086965e-12 1.980144e-12 2.299290e-12 2.041986e-12 2.436070e-12 2.012094e-12 2.012094e-12 1.763135e-12 1.804846e-12 1.726699e-12 1.818976e-12 2.086965e-12 1.980144e-12 2.299290e-12 2.041986e-12 2.436070e-12 2.091102e-12 2.091102e-12 1.825744e-12 1.523011e-12 1.769567e-12 1.802478e-12 1.728472e-12 1.892598e-12 1.973450e-12 2.008720e-12 2.369805e-12 1.901156e-12 1.901156e-12 1.557808e-12 1.522556e-12 1.738999e-12 1.839491e-12 1.904240e-12 1.741456e-12 1.854564e-12 2.021198e-12 2.253641e-12 1.779602e-12 1.779602e-12 1.860322e-12 1.342781e-12 1.577083e-12 1.739598e-12 1.675154e-12 1.606006e-12 1.974164e-12 2.124702e-12 2.194296e-12 1.701733e-12 1.701733e-12 1.647912e-12 1.563243e-12 1.470795e-12 1.680257e-12 1.562448e-12 1.684127e-12 1.799266e-12 1.894830e-12 2.182783e-12 1.730356e-12 1.730356e-12 1.456722e-12 1.420745e-12 1.544731e-12 1.797764e-12 1.573464e-12 1.677673e-12 1.868403e-12 2.097768e-12 2.159439e-12 1.914025e-12 1.914025e-12 1.649496e-12 1.464971e-12 1.643097e-12 1.607889e-12 1.509213e-12 1.749333e-12 1.941879e-12 1.957416e-12 2.147338e-12 1.794680e-12 1.794680e-12 1.421211e-12 1.849534e-12 1.803900e-12 1.714819e-12 1.668080e-12 1.713403e-12 1.800452e-12 2.025999e-12 2.228480e-12 1.772010e-12 1.772010e-12 1.765016e-12 2.033419e-12 2.070484e-12 1.854865e-12 1.720467e-12 1.674608e-12 1.949994e-12 2.129176e-12 2.309906e-12 1.942211e-12 1.942211e-12 1.864293e-12 2.167177e-12 2.375366e-12 2.006503e-12 1.879256e-12 1.829660e-12 2.013346e-12 2.222919e-12 2.338325e-12 2.061664e-12 2.061664e-12 1.887393e-12 1.623617e-12 1.808038e-12 1.755598e-12 2.220110e-12 1.870013e-12 2.269526e-12 2.095954e-12 2.369256e-12 2.061664e-12 2.061664e-12 1.887393e-12 1.623617e-12 1.808038e-12 1.755598e-12 2.220110e-12 1.870013e-12 2.269526e-12 2.095954e-12 2.369256e-12 2.120324e-12 2.120324e-12 1.675963e-12 1.670584e-12 1.879269e-12 1.891639e-12 1.967309e-12 1.846614e-12 2.096037e-12 1.997975e-12 2.570868e-12 1.920512e-12 1.920512e-12 1.494302e-12 1.579152e-12 1.700225e-12 1.693082e-12 1.820620e-12 1.884073e-12 1.845663e-12 1.900976e-12 2.320876e-12 1.751359e-12 1.751359e-12 1.722192e-12 1.281834e-12 1.612251e-12 1.717213e-12 1.621614e-12 1.666170e-12 1.955463e-12 1.894758e-12 2.102007e-12 1.781148e-12 1.781148e-12 1.685795e-12 1.355835e-12 1.535269e-12 1.609023e-12 1.500879e-12 1.584992e-12 1.735825e-12 1.999035e-12 2.324971e-12 1.916326e-12 1.916326e-12 1.464201e-12 1.671484e-12 1.629259e-12 1.764126e-12 1.537725e-12 1.591999e-12 1.906055e-12 1.850989e-12 2.288986e-12 1.787039e-12 1.787039e-12 1.547336e-12 1.485595e-12 1.780971e-12 1.731086e-12 1.541326e-12 1.695960e-12 1.918564e-12 2.001002e-12 2.083602e-12 1.839959e-12 1.839959e-12 1.683026e-12 1.726395e-12 1.948795e-12 1.711735e-12 1.680393e-12 1.565103e-12 1.889004e-12 2.018057e-12 2.216076e-12 1.736152e-12 1.736152e-12 1.712786e-12 1.848835e-12 2.152741e-12 1.910179e-12 1.698701e-12 1.577035e-12 1.958572e-12 2.075343e-12 2.256178e-12 1.783847e-12 1.783847e-12 2.008427e-12 2.176809e-12 2.135686e-12 2.096178e-12 1.891704e-12 1.886147e-12 1.874245e-12 2.155666e-12 2.523841e-12 2.108904e-12 2.108904e-12 1.865178e-12 1.728735e-12 1.908070e-12 1.617972e-12 2.190288e-12 1.864742e-12 2.201832e-12 2.265680e-12 2.332520e-12 2.108904e-12 2.108904e-12 1.865178e-12 1.728735e-12 1.908070e-12 1.617972e-12 2.190288e-12 1.864742e-12 2.201832e-12 2.265680e-12 2.332520e-12 1.946859e-12 1.946859e-12 1.580495e-12 1.527771e-12 1.682909e-12 1.858119e-12 1.999937e-12 1.789110e-12 1.951707e-12 1.980766e-12 2.432503e-12 1.721238e-12 1.721238e-12 1.470461e-12 1.575655e-12 1.595918e-12 1.789904e-12 1.772520e-12 1.888888e-12 1.635546e-12 2.026890e-12 2.379293e-12 1.769362e-12 1.769362e-12 1.592390e-12 1.400589e-12 1.564270e-12 1.655737e-12 1.606280e-12 1.748690e-12 1.829816e-12 1.729768e-12 2.221752e-12 1.817287e-12 1.817287e-12 1.556632e-12 1.453755e-12 1.624421e-12 1.702721e-12 1.570807e-12 1.593566e-12 1.930568e-12 1.967114e-12 2.251009e-12 1.795156e-12 1.795156e-12 1.668155e-12 1.534443e-12 1.604307e-12 1.883420e-12 1.406518e-12 1.577218e-12 1.776445e-12 1.954199e-12 2.134810e-12 1.837298e-12 1.837298e-12 1.561749e-12 1.513453e-12 1.680875e-12 1.559629e-12 1.651564e-12 1.579621e-12 2.014167e-12 1.952628e-12 2.189204e-12 1.896143e-12 1.896143e-12 1.680584e-12 1.727038e-12 1.813251e-12 1.701552e-12 1.508737e-12 1.697773e-12 1.801890e-12 1.992140e-12 2.315920e-12 1.702404e-12 1.702404e-12 1.630319e-12 1.766992e-12 2.197921e-12 1.812282e-12 1.704996e-12 1.736578e-12 1.844850e-12 2.163564e-12 2.144411e-12 1.728874e-12 1.728874e-12 1.782791e-12 2.065960e-12 2.324649e-12 1.915256e-12 1.947796e-12 1.869505e-12 1.832102e-12 2.155748e-12 2.491495e-12 2.161829e-12 2.161829e-12 1.923401e-12 1.660534e-12 1.857925e-12 1.759428e-12 2.350051e-12 1.938547e-12 2.150277e-12 2.287702e-12 2.422303e-12 2.161829e-12 2.161829e-12 1.923401e-12 1.660534e-12 1.857925e-12 1.759428e-12 2.350051e-12 1.938547e-12 2.150277e-12 2.287702e-12 2.422303e-12 1.920226e-12 1.920226e-12 1.696841e-12 1.647939e-12 1.702937e-12 1.964342e-12 1.928865e-12 1.949408e-12 1.911298e-12 1.998273e-12 2.287906e-12 1.763749e-12 1.763749e-12 1.599394e-12 1.498913e-12 1.725927e-12 1.834622e-12 1.645807e-12 1.919989e-12 1.761622e-12 1.913419e-12 2.384729e-12 2.011889e-12 2.011889e-12 1.529338e-12 1.426069e-12 1.578953e-12 1.716300e-12 1.705794e-12 1.675350e-12 1.908692e-12 1.948758e-12 2.167067e-12 1.799220e-12 1.799220e-12 1.667018e-12 1.463267e-12 1.564508e-12 1.653788e-12 1.606239e-12 1.613998e-12 1.887376e-12 1.974973e-12 2.017990e-12 1.837951e-12 1.837951e-12 1.475009e-12 1.466576e-12 1.682768e-12 1.649311e-12 1.602105e-12 1.626483e-12 1.716520e-12 1.879612e-12 2.114933e-12 1.701351e-12 1.701351e-12 1.593566e-12 1.638554e-12 1.719333e-12 1.669428e-12 1.534506e-12 1.599399e-12 1.891559e-12 1.961053e-12 2.056272e-12 1.910780e-12 1.910780e-12 1.667506e-12 1.735971e-12 1.720017e-12 1.804375e-12 1.408879e-12 1.740278e-12 1.852084e-12 1.941161e-12 2.185216e-12 1.872685e-12 1.872685e-12 1.610516e-12 1.794513e-12 2.184842e-12 1.920770e-12 1.702782e-12 1.769521e-12 1.735759e-12 2.211348e-12 2.312274e-12 1.854884e-12 1.854884e-12 1.703067e-12 2.162168e-12 2.315718e-12 1.912445e-12 1.797412e-12 1.722851e-12 1.909426e-12 2.096621e-12 2.431892e-12 2.186562e-12 2.186562e-12 1.805573e-12 1.665021e-12 1.811129e-12 1.991079e-12 2.131650e-12 2.073290e-12 2.158994e-12 2.256295e-12 2.465497e-12 2.186562e-12 2.186562e-12 1.805573e-12 1.665021e-12 1.811129e-12 1.991079e-12 2.131650e-12 2.073290e-12 2.158994e-12 2.256295e-12 2.465497e-12 1.993427e-12 1.993427e-12 1.603071e-12 1.788693e-12 1.673123e-12 1.984350e-12 1.982888e-12 1.960912e-12 1.912752e-12 2.076559e-12 2.142485e-12 1.839900e-12 1.839900e-12 1.516071e-12 1.467112e-12 1.612429e-12 1.846624e-12 1.764181e-12 1.846067e-12 1.872890e-12 1.944934e-12 2.393086e-12 1.860322e-12 1.860322e-12 1.458207e-12 1.257631e-12 1.693821e-12 1.957682e-12 1.749369e-12 1.694925e-12 1.799770e-12 1.938502e-12 2.118966e-12 1.788023e-12 1.788023e-12 1.611448e-12 1.529140e-12 1.538257e-12 1.680798e-12 1.568210e-12 1.719960e-12 1.886017e-12 1.913544e-12 1.994751e-12 1.827345e-12 1.827345e-12 1.451936e-12 1.476108e-12 1.765337e-12 1.498134e-12 1.571633e-12 1.767474e-12 1.719084e-12 1.968720e-12 1.977173e-12 1.748894e-12 1.748894e-12 1.553113e-12 1.742900e-12 1.697286e-12 1.646082e-12 1.502900e-12 1.653622e-12 1.976178e-12 1.794086e-12 2.219154e-12 1.886505e-12 1.886505e-12 1.678475e-12 1.746285e-12 1.786623e-12 1.866431e-12 1.661099e-12 1.765703e-12 1.818256e-12 1.913344e-12 2.117117e-12 1.808430e-12 1.808430e-12 1.533572e-12 1.928656e-12 2.043365e-12 2.046379e-12 1.607978e-12 1.602067e-12 1.762145e-12 2.091480e-12 2.290208e-12 2.025167e-12 2.025167e-12 1.753984e-12 2.113326e-12 2.270250e-12 1.942434e-12 1.673532e-12 1.778901e-12 1.981257e-12 2.048195e-12 2.369606e-12 

