# Core porosity field in MOOSE GriddedData format

AXIS X
0.0000 0.0060 0.0120 0.0180 0.0240 0.0300 0.0360 0.0420 0.0480 0.0540 0.0600 

AXIS Y
0.0000 0.0060 0.0120 0.0180 0.0240 0.0300 0.0360 0.0420 0.0480 0.0540 0.0600 

AXIS Z
0.0000 0.0060 0.0120 0.0180 0.0240 0.0300 0.0360 0.0420 0.0480 0.0540 0.0600 0.0660 0.0720 0.0780 0.0840 0.0900 0.0960 0.1020 0.1080 0.1140 0.1200 0.1260 0.1320 0.1380 0.1440 0.1500 0.1560 0.1620 0.1680 0.1740 0.1800 0.1860 0.1920 0.1980 0.2040 0.2100 0.2160 0.2220 0.2280 0.2340 0.2400 0.2460 0.2520 0.2580 0.2640 0.2700 0.2760 0.2820 0.2880 0.2940 0.3000 

DATA
0.249280 0.249280 0.234967 0.234666 0.236699 0.237309 0.241072 0.237596 0.242299 0.247348 0.239245 0.249280 0.249280 0.234967 0.234666 0.236699 0.237309 0.241072 0.237596 0.242299 0.247348 0.239245 0.247156 0.247156 0.240857 0.236193 0.229009 0.239613 0.236435 0.237675 0.231114 0.241415 0.236531 0.239185 0.239185 0.234644 0.236289 0.227237 0.235599 0.231896 0.228774 0.233782 0.231830 0.235677 0.242880 0.242880 0.230554 0.226274 0.232449 0.231759 0.224041 0.230258 0.239810 0.233209 0.235107 0.231687 0.231687 0.232164 0.229626 0.231097 0.224072 0.225572 0.232222 0.235473 0.234349 0.231969 0.239887 0.239887 0.234251 0.227288 0.237816 0.223835 0.224017 0.236825 0.233802 0.236384 0.230158 0.240362 0.240362 0.237442 0.228191 0.228448 0.226976 0.224522 0.229675 0.239516 0.233866 0.235975 0.229003 0.229003 0.231420 0.239886 0.235653 0.233757 0.232536 0.238718 0.238100 0.233764 0.232920 0.233607 0.233607 0.222508 0.232964 0.225749 0.231225 0.229088 0.226673 0.232963 0.230449 0.239286 0.237769 0.237769 0.229263 0.229749 0.232021 0.223753 0.226453 0.238601 0.221742 0.234910 0.235900 0.249280 0.249280 0.234967 0.234666 0.236699 0.237309 0.241072 0.237596 0.242299 0.247348 0.239245 0.249280 0.249280 0.234967 0.234666 0.236699 0.237309 0.241072 0.237596 0.242299 0.247348 0.239245 0.247156 0.247156 0.240857 0.236193 0.229009 0.239613 0.236435 0.237675 0.231114 0.241415 0.236531 0.239185 0.239185 0.234644 0.236289 0.227237 0.235599 0.231896 0.228774 0.233782 0.231830 0.235677 0.242880 0.242880 0.230554 0.226274 0.232449 0.231759 0.224041 0.230258 0.239810 0.233209 0.235107 0.231687 0.231687 0.232164 0.229626 0.231097 0.224072 0.225572 0.232222 0.235473 0.234349 0.231969 0.239887 0.239887 0.234251 0.227288 0.237816 0.223835 0.224017 0.236825 0.233802 0.236384 0.230158 0.240362 0.240362 0.237442 0.228191 0.228448 0.226976 0.224522 0.229675 0.239516 0.233866 0.235975 0.229003 0.229003 0.231420 0.239886 0.235653 0.233757 0.232536 0.238718 0.238100 0.233764 0.232920 0.233607 0.233607 0.222508 0.232964 0.225749 0.231225 0.229088 0.226673 0.232963 0.230449 0.239286 0.237769 0.237769 0.229263 0.229749 0.232021 0.223753 0.226453 0.238601 0.221742 0.234910 0.235900 0.246777 0.246777 0.232454 0.238777 0.230361 0.240817 0.232834 0.239281 0.243546 0.241106 0.239673 0.246777 0.246777 0.232454 0.238777 0.230361 0.240817 0.232834 0.239281 0.243546 0.241106 0.239673 0.247139 0.247139 0.231886 0.235385 0.235997 0.232419 0.229710 0.238606 0.235146 0.236384 0.238502 0.242416 0.242416 0.238246 0.229790 0.224260 0.234623 0.224185 0.232381 0.241680 0.229152 0.234783 0.238652 0.238652 0.234205 0.229973 0.235215 0.239052 0.226632 0.230545 0.232532 0.239965 0.229180 0.239527 0.239527 0.230505 0.224118 0.233877 0.232164 0.229399 0.228401 0.241906 0.243230 0.236864 0.242942 0.242942 0.232850 0.233287 0.231631 0.230796 0.230114 0.226976 0.233730 0.231772 0.233002 0.246375 0.246375 0.228648 0.236715 0.230599 0.229470 0.230019 0.229339 0.235245 0.235205 0.236605 0.234357 0.234357 0.238491 0.231178 0.238094 0.228662 0.236553 0.242252 0.230652 0.225929 0.231449 0.229672 0.229672 0.225330 0.236730 0.233646 0.230225 0.229795 0.225096 0.231869 0.223064 0.229637 0.231270 0.231270 0.232688 0.231359 0.238414 0.225195 0.232354 0.234725 0.231729 0.232214 0.236619 0.239392 0.239392 0.237439 0.232066 0.230063 0.233237 0.234146 0.241175 0.244231 0.236979 0.242871 0.239392 0.239392 0.237439 0.232066 0.230063 0.233237 0.234146 0.241175 0.244231 0.236979 0.242871 0.244305 0.244305 0.228944 0.231419 0.235758 0.232750 0.228707 0.236715 0.229230 0.242352 0.238611 0.242826 0.242826 0.241293 0.230134 0.231405 0.238350 0.222344 0.234829 0.228475 0.241862 0.231834 0.236608 0.236608 0.227210 0.226118 0.225484 0.236028 0.226713 0.239178 0.240158 0.235154 0.234872 0.236734 0.236734 0.237715 0.228607 0.224112 0.223580 0.229099 0.224015 0.233263 0.233616 0.229526 0.235231 0.235231 0.230621 0.231786 0.232488 0.224285 0.225115 0.232106 0.232734 0.234065 0.236894 0.234855 0.234855 0.229044 0.225950 0.231776 0.231745 0.224108 0.237347 0.230030 0.231221 0.238850 0.233128 0.233128 0.235660 0.233879 0.240667 0.224417 0.234239 0.237795 0.235935 0.232599 0.231708 0.235706 0.235706 0.232658 0.228706 0.236134 0.229605 0.227140 0.224161 0.228393 0.218590 0.232621 0.240038 0.240038 0.238434 0.235928 0.235175 0.226189 0.230246 0.226166 0.232806 0.226945 0.231378 0.243258 0.243258 0.240626 0.236137 0.226203 0.236071 0.234851 0.236193 0.239077 0.238130 0.234080 0.243258 0.243258 0.240626 0.236137 0.226203 0.236071 0.234851 0.236193 0.239077 0.238130 0.234080 0.246111 0.246111 0.230809 0.227681 0.236169 0.238674 0.237735 0.229424 0.232676 0.238573 0.232614 0.242601 0.242601 0.236675 0.231785 0.233094 0.228235 0.234523 0.235783 0.230380 0.230026 0.236191 0.242930 0.242930 0.237427 0.223199 0.230778 0.233969 0.223863 0.229396 0.237640 0.233028 0.237066 0.237430 0.237430 0.230187 0.229385 0.225992 0.227010 0.222689 0.231217 0.229265 0.232670 0.231764 0.236996 0.236996 0.236290 0.226173 0.228121 0.234074 0.230273 0.230125 0.239852 0.225091 0.238748 0.238201 0.238201 0.236477 0.229990 0.233390 0.224605 0.230521 0.228146 0.231306 0.227123 0.233782 0.236154 0.236154 0.231201 0.234921 0.235120 0.225940 0.227916 0.239954 0.234247 0.226573 0.230066 0.238174 0.238174 0.224495 0.231443 0.231590 0.219444 0.230455 0.235639 0.219543 0.222716 0.227316 0.232257 0.232257 0.231672 0.237797 0.238283 0.221970 0.231713 0.230636 0.230744 0.230114 0.231849 0.246034 0.246034 0.241575 0.231159 0.225551 0.236929 0.239406 0.230935 0.237507 0.238428 0.244582 0.246034 0.246034 0.241575 0.231159 0.225551 0.236929 0.239406 0.230935 0.237507 0.238428 0.244582 0.238845 0.238845 0.240650 0.228116 0.227694 0.230681 0.226356 0.234007 0.236268 0.234757 0.234698 0.240929 0.240929 0.231861 0.231178 0.231218 0.237080 0.232142 0.234316 0.235313 0.232714 0.236707 0.234586 0.234586 0.228512 0.229139 0.230350 0.231857 0.231378 0.232301 0.236694 0.226702 0.238145 0.238235 0.238235 0.232040 0.232408 0.224431 0.226354 0.222951 0.236506 0.234238 0.237571 0.230098 0.242970 0.242970 0.236968 0.221159 0.228578 0.231184 0.224621 0.227081 0.234595 0.234839 0.233163 0.237677 0.237677 0.232304 0.236043 0.233047 0.229706 0.228311 0.231558 0.230470 0.233638 0.235818 0.238177 0.238177 0.229018 0.230363 0.237233 0.227511 0.231231 0.238263 0.232582 0.230735 0.230297 0.230515 0.230515 0.228791 0.235654 0.229949 0.232320 0.221807 0.233903 0.232522 0.223118 0.232410 0.236311 0.236311 0.233746 0.234550 0.236210 0.227769 0.235110 0.232532 0.230492 0.231111 0.232039 0.247652 0.247652 0.235496 0.227340 0.230559 0.238612 0.236032 0.232924 0.233416 0.237450 0.234353 0.247652 0.247652 0.235496 0.227340 0.230559 0.238612 0.236032 0.232924 0.233416 0.237450 0.234353 0.238855 0.238855 0.234276 0.226487 0.231243 0.234850 0.225551 0.231130 0.234252 0.240712 0.238135 0.233164 0.233164 0.232475 0.230475 0.228414 0.234412 0.226987 0.228622 0.239668 0.235789 0.230564 0.236868 0.236868 0.226897 0.231502 0.232603 0.226285 0.228367 0.225653 0.227108 0.229097 0.232100 0.233306 0.233306 0.231619 0.227797 0.228815 0.222119 0.226323 0.224946 0.235992 0.240193 0.235999 0.241588 0.241588 0.229546 0.232143 0.236210 0.226220 0.231303 0.229850 0.227531 0.235022 0.237075 0.231983 0.231983 0.238538 0.227401 0.234310 0.227108 0.227120 0.239845 0.238815 0.231620 0.238865 0.229123 0.229123 0.229176 0.231694 0.234563 0.229786 0.229589 0.235224 0.235861 0.233313 0.230517 0.239773 0.239773 0.227392 0.239331 0.231579 0.230357 0.230107 0.225654 0.227507 0.220915 0.224758 0.240683 0.240683 0.229450 0.228404 0.229545 0.221389 0.235227 0.229433 0.226980 0.236526 0.234471 0.247078 0.247078 0.232393 0.228492 0.228869 0.231352 0.229908 0.228577 0.235482 0.234991 0.235245 0.247078 0.247078 0.232393 0.228492 0.228869 0.231352 0.229908 0.228577 0.235482 0.234991 0.235245 0.236225 0.236225 0.241296 0.224874 0.225079 0.235485 0.230487 0.230772 0.234880 0.230796 0.239486 0.236287 0.236287 0.236861 0.232736 0.231873 0.229316 0.228654 0.227162 0.236179 0.229949 0.231434 0.242895 0.242895 0.237737 0.231243 0.229105 0.232597 0.221532 0.234753 0.232987 0.235182 0.238275 0.235808 0.235808 0.225474 0.221998 0.224478 0.230971 0.232339 0.227152 0.230367 0.231868 0.237269 0.240276 0.240276 0.231558 0.232832 0.227763 0.231057 0.223453 0.229453 0.227583 0.226226 0.230368 0.236499 0.236499 0.230019 0.232029 0.233517 0.225650 0.224363 0.228745 0.238312 0.229341 0.232710 0.239663 0.239663 0.231811 0.239865 0.237560 0.227686 0.231179 0.237293 0.227958 0.228053 0.228666 0.229603 0.229603 0.233757 0.239416 0.234134 0.227978 0.225984 0.234877 0.233825 0.228493 0.231889 0.237921 0.237921 0.229661 0.227634 0.230660 0.219881 0.230838 0.234260 0.235837 0.232756 0.230300 0.247448 0.247448 0.232867 0.237385 0.225435 0.244648 0.236152 0.232319 0.230799 0.240420 0.236240 0.247448 0.247448 0.232867 0.237385 0.225435 0.244648 0.236152 0.232319 0.230799 0.240420 0.236240 0.242631 0.242631 0.238021 0.226348 0.227081 0.230468 0.227773 0.230972 0.234788 0.235234 0.231807 0.238385 0.238385 0.236915 0.230317 0.229806 0.231184 0.234065 0.232468 0.227920 0.231811 0.226528 0.235756 0.235756 0.229831 0.226200 0.222207 0.228605 0.231683 0.232003 0.237262 0.236472 0.229116 0.241178 0.241178 0.235248 0.220909 0.230577 0.224335 0.223462 0.228040 0.228621 0.231184 0.229718 0.237026 0.237026 0.227113 0.230986 0.230829 0.235694 0.232056 0.231607 0.234240 0.224714 0.236532 0.241950 0.241950 0.233662 0.232023 0.233917 0.225848 0.221851 0.223668 0.234408 0.230619 0.237777 0.238977 0.238977 0.235766 0.234150 0.229362 0.226419 0.222907 0.228365 0.229685 0.232936 0.231046 0.229223 0.229223 0.230332 0.235048 0.230361 0.229977 0.232698 0.236734 0.228264 0.221213 0.228974 0.236352 0.236352 0.228323 0.236761 0.234270 0.224713 0.228331 0.226843 0.230767 0.227030 0.228827 0.247301 0.247301 0.238730 0.234906 0.234208 0.241518 0.229871 0.239398 0.229870 0.242423 0.242310 0.247301 0.247301 0.238730 0.234906 0.234208 0.241518 0.229871 0.239398 0.229870 0.242423 0.242310 0.247581 0.247581 0.233836 0.234731 0.235121 0.237007 0.227573 0.232717 0.229305 0.232613 0.231932 0.240283 0.240283 0.232084 0.225596 0.230949 0.228571 0.227634 0.223533 0.234256 0.230258 0.236626 0.243744 0.243744 0.224123 0.229019 0.224688 0.227331 0.231087 0.233201 0.230949 0.232426 0.230898 0.243730 0.243730 0.231143 0.231552 0.232460 0.224857 0.220668 0.227971 0.227827 0.239388 0.237062 0.238933 0.238933 0.227052 0.233576 0.228152 0.231145 0.226923 0.225801 0.234220 0.234013 0.234856 0.230121 0.230121 0.224500 0.223439 0.235797 0.220578 0.229091 0.232040 0.243435 0.225590 0.231288 0.232273 0.232273 0.234071 0.236856 0.232393 0.229053 0.225715 0.235004 0.232509 0.234173 0.227791 0.233523 0.233523 0.228907 0.228803 0.236685 0.233329 0.224864 0.231125 0.226463 0.229883 0.225815 0.230026 0.230026 0.227381 0.236482 0.230267 0.220832 0.228046 0.231363 0.232322 0.229573 0.229877 0.249886 0.249886 0.234723 0.238483 0.226392 0.232852 0.241434 0.227085 0.242517 0.234528 0.241076 0.249886 0.249886 0.234723 0.238483 0.226392 0.232852 0.241434 0.227085 0.242517 0.234528 0.241076 0.244140 0.244140 0.229413 0.228794 0.234412 0.230909 0.225866 0.231853 0.238708 0.235317 0.233843 0.241362 0.241362 0.229037 0.222752 0.230836 0.231056 0.227437 0.223580 0.232207 0.238485 0.234693 0.235850 0.235850 0.229807 0.223367 0.227279 0.230383 0.236487 0.236637 0.232515 0.235443 0.233519 0.235641 0.235641 0.234715 0.223200 0.227563 0.221777 0.217766 0.221765 0.238240 0.231477 0.232530 0.234834 0.234834 0.229079 0.224829 0.234162 0.227595 0.222465 0.235685 0.237307 0.235971 0.229263 0.236050 0.236050 0.238034 0.234904 0.232049 0.224334 0.228461 0.228293 0.236750 0.230490 0.232763 0.233747 0.233747 0.231652 0.232974 0.228977 0.227849 0.227245 0.231434 0.229427 0.227022 0.227433 0.230344 0.230344 0.231576 0.228611 0.225060 0.225735 0.234193 0.238628 0.224791 0.220909 0.229022 0.236088 0.236088 0.231097 0.228595 0.234500 0.225639 0.235924 0.234497 0.233186 0.226115 0.231203 0.239433 0.239433 0.235439 0.236129 0.227416 0.237631 0.235309 0.233468 0.232405 0.236541 0.239977 0.239433 0.239433 0.235439 0.236129 0.227416 0.237631 0.235309 0.233468 0.232405 0.236541 0.239977 0.245990 0.245990 0.227778 0.225773 0.227127 0.236044 0.227862 0.231228 0.230948 0.234278 0.240740 0.235270 0.235270 0.231803 0.231023 0.232168 0.229650 0.229225 0.230244 0.227395 0.235436 0.229102 0.240088 0.240088 0.232126 0.224795 0.230049 0.229445 0.225759 0.232226 0.232139 0.228901 0.227222 0.234282 0.234282 0.228303 0.225305 0.233763 0.223179 0.225179 0.226713 0.241864 0.228474 0.231602 0.229970 0.229970 0.237061 0.226657 0.226793 0.228495 0.220783 0.229939 0.232547 0.237921 0.226027 0.240670 0.240670 0.235437 0.230614 0.234908 0.229628 0.221983 0.226450 0.230668 0.236101 0.228141 0.234204 0.234204 0.230430 0.228459 0.237148 0.225447 0.228507 0.230260 0.235433 0.229288 0.234423 0.230517 0.230517 0.233607 0.225529 0.229986 0.234129 0.225076 0.229795 0.229145 0.222870 0.227818 0.231811 0.231811 0.235352 0.233256 0.235538 0.220181 0.233230 0.226654 0.229634 0.227031 0.232770 0.250047 0.250047 0.240630 0.239308 0.224688 0.234301 0.230676 0.229410 0.234630 0.237391 0.243250 0.250047 0.250047 0.240630 0.239308 0.224688 0.234301 0.230676 0.229410 0.234630 0.237391 0.243250 0.243593 0.243593 0.231483 0.229864 0.229461 0.233101 0.224116 0.227003 0.232215 0.234091 0.240396 0.234309 0.234309 0.230312 0.226884 0.228001 0.237245 0.235162 0.232593 0.228369 0.229661 0.236123 0.242315 0.242315 0.236297 0.232475 0.231512 0.223869 0.228755 0.227179 0.229930 0.231220 0.237350 0.242372 0.242372 0.230467 0.224358 0.229977 0.225428 0.224467 0.233768 0.230146 0.230555 0.233421 0.229931 0.229931 0.235327 0.233680 0.234249 0.224331 0.222261 0.227424 0.232699 0.235212 0.226136 0.230269 0.230269 0.229636 0.235946 0.221943 0.225164 0.228927 0.232396 0.235099 0.234027 0.239389 0.242016 0.242016 0.231027 0.233463 0.231226 0.227714 0.232377 0.231103 0.231709 0.225530 0.234520 0.226472 0.226472 0.222522 0.237195 0.227555 0.231848 0.232117 0.234897 0.225032 0.225789 0.222670 0.235850 0.235850 0.229065 0.237185 0.237076 0.230355 0.231354 0.230138 0.229107 0.228916 0.230514 0.244149 0.244149 0.239501 0.237214 0.225089 0.234303 0.230560 0.236850 0.234737 0.232807 0.234364 0.244149 0.244149 0.239501 0.237214 0.225089 0.234303 0.230560 0.236850 0.234737 0.232807 0.234364 0.238097 0.238097 0.229499 0.225631 0.225914 0.238381 0.228450 0.229370 0.226083 0.240392 0.241493 0.236866 0.236866 0.230151 0.225280 0.230777 0.225666 0.228265 0.222482 0.237118 0.228403 0.227293 0.242287 0.242287 0.236274 0.229213 0.225470 0.226260 0.223889 0.226502 0.231919 0.238147 0.233914 0.243780 0.243780 0.230673 0.223517 0.220870 0.229313 0.221212 0.228957 0.233188 0.237029 0.236505 0.233292 0.233292 0.223860 0.225077 0.231860 0.225597 0.226628 0.236777 0.236461 0.235021 0.231622 0.232071 0.232071 0.230036 0.227191 0.232046 0.220195 0.226105 0.228730 0.232319 0.238686 0.230713 0.238178 0.238178 0.233101 0.234015 0.234340 0.228020 0.225408 0.236504 0.228302 0.230171 0.233108 0.228975 0.228975 0.227721 0.226264 0.234141 0.236055 0.229282 0.227921 0.225323 0.222450 0.230058 0.234172 0.234172 0.224804 0.233807 0.230947 0.225849 0.227883 0.229302 0.233819 0.225021 0.234421 0.244025 0.244025 0.237942 0.229669 0.227231 0.237647 0.238918 0.237330 0.235532 0.237333 0.242056 0.244025 0.244025 0.237942 0.229669 0.227231 0.237647 0.238918 0.237330 0.235532 0.237333 0.242056 0.238224 0.238224 0.234938 0.223914 0.228519 0.233317 0.231474 0.234039 0.230150 0.230968 0.230496 0.240102 0.240102 0.237215 0.224137 0.232167 0.232703 0.232643 0.224888 0.229122 0.232006 0.234854 0.238634 0.238634 0.228347 0.220859 0.231776 0.225399 0.223716 0.223834 0.232072 0.233463 0.230017 0.232250 0.232250 0.230635 0.231304 0.224895 0.235911 0.219169 0.230521 0.229492 0.231389 0.232896 0.235853 0.235853 0.224311 0.224344 0.234181 0.228290 0.219769 0.231277 0.229556 0.233335 0.230745 0.236289 0.236289 0.232989 0.226170 0.233763 0.222758 0.222804 0.234871 0.232781 0.236483 0.229955 0.235749 0.235749 0.234037 0.236006 0.228151 0.224519 0.233369 0.235966 0.225354 0.226140 0.239143 0.234548 0.234548 0.232108 0.235957 0.229292 0.231916 0.233612 0.237666 0.228149 0.225538 0.224168 0.231041 0.231041 0.225170 0.232345 0.230078 0.222377 0.232516 0.226004 0.223893 0.232016 0.234616 0.237396 0.237396 0.234846 0.236857 0.235965 0.239840 0.237521 0.239954 0.236930 0.236440 0.247072 0.237396 0.237396 0.234846 0.236857 0.235965 0.239840 0.237521 0.239954 0.236930 0.236440 0.247072 0.243546 0.243546 0.236176 0.227287 0.226621 0.235601 0.228152 0.233067 0.227860 0.235006 0.239963 0.239150 0.239150 0.230709 0.224263 0.233687 0.228429 0.231134 0.227252 0.233708 0.231814 0.231591 0.232480 0.232480 0.236102 0.232199 0.229902 0.231281 0.225968 0.231333 0.232864 0.235778 0.235451 0.241909 0.241909 0.237168 0.227834 0.226647 0.223867 0.227141 0.229902 0.228628 0.232520 0.233125 0.239326 0.239326 0.231058 0.233446 0.225941 0.226230 0.222558 0.226658 0.233843 0.230428 0.228715 0.233948 0.233948 0.230131 0.232762 0.225710 0.223125 0.223081 0.234478 0.238288 0.234088 0.227487 0.240608 0.240608 0.234736 0.234649 0.229360 0.224488 0.228823 0.227762 0.235237 0.226585 0.237349 0.225508 0.225508 0.233709 0.239725 0.229217 0.234872 0.228195 0.229165 0.228215 0.229457 0.225651 0.232203 0.232203 0.226668 0.228781 0.225752 0.222045 0.233388 0.228304 0.220805 0.228510 0.234088 0.241893 0.241893 0.234667 0.233148 0.234557 0.242474 0.229868 0.231714 0.233329 0.236190 0.234976 0.241893 0.241893 0.234667 0.233148 0.234557 0.242474 0.229868 0.231714 0.233329 0.236190 0.234976 0.237139 0.237139 0.232609 0.229657 0.230665 0.225804 0.227828 0.227073 0.227689 0.242706 0.231021 0.243788 0.243788 0.234147 0.223665 0.221410 0.234019 0.223717 0.235966 0.238594 0.229927 0.230582 0.236151 0.236151 0.234756 0.223855 0.224247 0.229813 0.229903 0.228140 0.239205 0.238200 0.232785 0.242098 0.242098 0.238771 0.231911 0.230487 0.232240 0.227814 0.224535 0.233864 0.230816 0.230098 0.235781 0.235781 0.230963 0.223319 0.238074 0.230846 0.227960 0.227513 0.232801 0.232052 0.234795 0.230431 0.230431 0.227395 0.230832 0.230790 0.227735 0.222436 0.231764 0.238284 0.225799 0.232436 0.232503 0.232503 0.228797 0.235329 0.232415 0.228903 0.227599 0.229559 0.228625 0.234680 0.238799 0.227898 0.227898 0.228420 0.231012 0.236297 0.226577 0.233989 0.237471 0.228325 0.229551 0.231644 0.229293 0.229293 0.229844 0.227577 0.226783 0.223708 0.232120 0.231054 0.223193 0.223482 0.233009 0.249156 0.249156 0.238566 0.230274 0.231878 0.232442 0.237740 0.236936 0.237877 0.236848 0.245155 0.249156 0.249156 0.238566 0.230274 0.231878 0.232442 0.237740 0.236936 0.237877 0.236848 0.245155 0.241291 0.241291 0.232667 0.232435 0.232365 0.234202 0.228658 0.232396 0.229091 0.239927 0.236106 0.237963 0.237963 0.235723 0.223096 0.228922 0.225764 0.226794 0.231881 0.228814 0.237485 0.227305 0.234656 0.234656 0.229709 0.222058 0.228090 0.229582 0.223011 0.223154 0.235364 0.237150 0.231726 0.239723 0.239723 0.226107 0.230551 0.231552 0.229729 0.221234 0.224660 0.230522 0.234378 0.231875 0.240208 0.240208 0.228226 0.221881 0.227904 0.221097 0.225257 0.232806 0.237314 0.237030 0.232301 0.232990 0.232990 0.230744 0.234535 0.227629 0.222492 0.220095 0.236377 0.237987 0.229728 0.233735 0.233587 0.233587 0.226261 0.229306 0.226169 0.230899 0.223725 0.230062 0.229844 0.233684 0.241147 0.225370 0.225370 0.225941 0.234288 0.238254 0.226938 0.228677 0.239632 0.226568 0.233155 0.225309 0.235152 0.235152 0.227445 0.237179 0.229272 0.225475 0.230935 0.227387 0.224380 0.229766 0.239134 0.245831 0.245831 0.241332 0.232026 0.228765 0.235804 0.230026 0.235894 0.230268 0.233765 0.239986 0.245831 0.245831 0.241332 0.232026 0.228765 0.235804 0.230026 0.235894 0.230268 0.233765 0.239986 0.245271 0.245271 0.236260 0.227060 0.228350 0.229421 0.224858 0.236169 0.229169 0.234618 0.232336 0.233238 0.233238 0.231786 0.230308 0.224678 0.228702 0.229340 0.224740 0.228769 0.234098 0.232339 0.233207 0.233207 0.228899 0.222262 0.224502 0.228639 0.226482 0.234298 0.229140 0.234541 0.228525 0.233232 0.233232 0.227863 0.224852 0.229514 0.222527 0.228704 0.231726 0.233601 0.229429 0.230847 0.237778 0.237778 0.227400 0.231744 0.230904 0.219304 0.220720 0.226049 0.241765 0.229099 0.234485 0.232703 0.232703 0.237482 0.235631 0.226173 0.226081 0.221114 0.231203 0.229437 0.238377 0.236928 0.232299 0.232299 0.229080 0.229189 0.227086 0.226962 0.232142 0.233378 0.231177 0.233286 0.235637 0.222022 0.222022 0.232535 0.237551 0.231709 0.237593 0.236773 0.239766 0.237759 0.228763 0.229599 0.233390 0.233390 0.228871 0.227725 0.237819 0.225640 0.227063 0.224252 0.222371 0.231732 0.228199 0.245700 0.245700 0.238528 0.230582 0.234860 0.233013 0.235021 0.231844 0.236095 0.242062 0.238703 0.245700 0.245700 0.238528 0.230582 0.234860 0.233013 0.235021 0.231844 0.236095 0.242062 0.238703 0.235217 0.235217 0.235118 0.233900 0.235094 0.233849 0.229487 0.226135 0.235372 0.233051 0.237781 0.233907 0.233907 0.237886 0.224470 0.232249 0.229368 0.221266 0.222152 0.236680 0.236588 0.228097 0.228888 0.228888 0.234692 0.225589 0.228560 0.231632 0.228401 0.231048 0.231553 0.227808 0.229845 0.237873 0.237873 0.230451 0.227877 0.232105 0.223969 0.221828 0.230781 0.228996 0.228235 0.227305 0.230994 0.230994 0.231295 0.232806 0.232780 0.225946 0.229225 0.232510 0.237043 0.232762 0.230931 0.231347 0.231347 0.231038 0.225812 0.231171 0.219131 0.226741 0.229830 0.229985 0.238449 0.236867 0.226863 0.226863 0.228510 0.235837 0.225490 0.223702 0.221967 0.234191 0.234246 0.227911 0.230472 0.231148 0.231148 0.234571 0.234979 0.232985 0.225858 0.236797 0.237289 0.227464 0.235187 0.234695 0.229295 0.229295 0.227354 0.237641 0.234644 0.223995 0.227130 0.231566 0.225550 0.223759 0.230417 0.235475 0.235475 0.238702 0.235510 0.235664 0.242016 0.237565 0.226352 0.235503 0.235738 0.235831 0.235475 0.235475 0.238702 0.235510 0.235664 0.242016 0.237565 0.226352 0.235503 0.235738 0.235831 0.235054 0.235054 0.225612 0.233354 0.233346 0.232500 0.233734 0.226942 0.231413 0.242446 0.238640 0.238535 0.238535 0.226656 0.222589 0.226703 0.231086 0.233226 0.229680 0.234874 0.235237 0.234006 0.227238 0.227238 0.225438 0.226159 0.224063 0.228245 0.226775 0.233290 0.226896 0.230674 0.227319 0.229110 0.229110 0.231283 0.229056 0.227564 0.222669 0.218613 0.223819 0.232605 0.233305 0.226518 0.233315 0.233315 0.229716 0.226763 0.224194 0.224154 0.226298 0.224827 0.237758 0.234317 0.234085 0.231451 0.231451 0.236490 0.231730 0.234669 0.226107 0.227090 0.222504 0.233727 0.225574 0.234723 0.236961 0.236961 0.227949 0.229350 0.235020 0.231537 0.230058 0.235761 0.234586 0.235603 0.228508 0.228334 0.228334 0.235686 0.235304 0.234407 0.225550 0.232649 0.234073 0.233080 0.229746 0.231989 0.235607 0.235607 0.230555 0.236882 0.231813 0.225909 0.224333 0.232538 0.225387 0.226513 0.232260 0.238662 0.238662 0.233989 0.235560 0.233831 0.229578 0.236382 0.236614 0.234420 0.239230 0.234286 0.238662 0.238662 0.233989 0.235560 0.233831 0.229578 0.236382 0.236614 0.234420 0.239230 0.234286 0.237026 0.237026 0.234880 0.228669 0.222507 0.233621 0.232006 0.234258 0.234670 0.237385 0.234509 0.232650 0.232650 0.233079 0.223665 0.227300 0.233755 0.220816 0.232051 0.226844 0.228813 0.235252 0.228756 0.228756 0.226466 0.227619 0.227475 0.224726 0.219699 0.234083 0.232595 0.233811 0.227558 0.232299 0.232299 0.228173 0.225396 0.228897 0.222781 0.232404 0.225922 0.237604 0.231053 0.230158 0.232338 0.232338 0.227873 0.233748 0.226044 0.227954 0.225658 0.225694 0.229098 0.235725 0.229176 0.230497 0.230497 0.229125 0.233522 0.225516 0.224893 0.231887 0.232572 0.233261 0.236031 0.232846 0.224742 0.224742 0.231481 0.232636 0.224202 0.230862 0.223570 0.227768 0.237637 0.236490 0.240108 0.233465 0.233465 0.225404 0.233085 0.231582 0.237060 0.232905 0.229102 0.230200 0.233573 0.230961 0.236520 0.236520 0.226830 0.227356 0.228616 0.226633 0.235132 0.231561 0.230053 0.231707 0.229810 0.241585 0.241585 0.237584 0.226181 0.229462 0.236865 0.235103 0.238719 0.229604 0.237884 0.241493 0.241585 0.241585 0.237584 0.226181 0.229462 0.236865 0.235103 0.238719 0.229604 0.237884 0.241493 0.236297 0.236297 0.227512 0.230208 0.234593 0.231387 0.224192 0.236399 0.234808 0.233531 0.234371 0.228723 0.228723 0.231774 0.221355 0.228129 0.224049 0.231696 0.233972 0.234378 0.233159 0.237112 0.237523 0.237523 0.223249 0.221859 0.229880 0.227684 0.221349 0.227629 0.227795 0.239504 0.230294 0.229403 0.229403 0.224344 0.228978 0.224535 0.219551 0.229024 0.222893 0.234279 0.226833 0.239481 0.229149 0.229149 0.225310 0.226263 0.228154 0.230471 0.223644 0.224380 0.229027 0.226762 0.238605 0.227748 0.227748 0.224944 0.228973 0.227302 0.220585 0.228905 0.229635 0.227272 0.230200 0.229224 0.227945 0.227945 0.227064 0.233438 0.226322 0.230272 0.230001 0.235685 0.223944 0.229550 0.236492 0.232100 0.232100 0.225592 0.235543 0.229577 0.235739 0.227358 0.228279 0.233034 0.225427 0.232800 0.230803 0.230803 0.233849 0.233018 0.229814 0.229005 0.235059 0.228099 0.221297 0.225085 0.228587 0.228147 0.228147 0.235088 0.229412 0.225539 0.230342 0.239426 0.232290 0.235801 0.242021 0.238324 0.228147 0.228147 0.235088 0.229412 0.225539 0.230342 0.239426 0.232290 0.235801 0.242021 0.238324 0.229158 0.229158 0.234285 0.229349 0.230519 0.233164 0.229449 0.231756 0.232603 0.229731 0.240590 0.231681 0.231681 0.230989 0.228809 0.226423 0.232595 0.224659 0.227827 0.229466 0.227702 0.229291 0.224928 0.224928 0.230671 0.230307 0.223627 0.230850 0.222419 0.232081 0.234645 0.228054 0.238745 0.225094 0.225094 0.224443 0.220709 0.227216 0.229125 0.222209 0.229840 0.230488 0.226599 0.239167 0.228467 0.228467 0.233472 0.223958 0.232015 0.226177 0.219380 0.226278 0.236753 0.228354 0.238879 0.222740 0.222740 0.230354 0.227347 0.225983 0.223981 0.218306 0.230939 0.227173 0.231580 0.235565 0.234432 0.234432 0.228559 0.234085 0.234878 0.222130 0.220426 0.234131 0.227164 0.235920 0.238353 0.222269 0.222269 0.228607 0.232452 0.226489 0.232650 0.228225 0.232403 0.229161 0.236222 0.232910 0.225736 0.225736 0.230797 0.239488 0.227489 0.235777 0.223963 0.229335 0.230660 0.226034 0.233449 0.228366 0.228366 0.229258 0.228405 0.234808 0.237532 0.234272 0.237112 0.240742 0.231730 0.237987 0.228366 0.228366 0.229258 0.228405 0.234808 0.237532 0.234272 0.237112 0.240742 0.231730 0.237987 0.235892 0.235892 0.235163 0.223483 0.223165 0.233924 0.231259 0.235099 0.231804 0.236694 0.236863 0.234251 0.234251 0.222327 0.221315 0.224941 0.231418 0.231297 0.235154 0.234437 0.234514 0.242006 0.228882 0.228882 0.225989 0.224624 0.224124 0.225763 0.222097 0.229837 0.229900 0.226768 0.236121 0.234200 0.234200 0.222991 0.227232 0.229160 0.227837 0.224440 0.223979 0.234468 0.234805 0.227363 0.224897 0.224897 0.229042 0.222879 0.222199 0.219231 0.219518 0.227881 0.232159 0.237193 0.233258 0.226719 0.226719 0.229644 0.227005 0.222677 0.223293 0.227823 0.223555 0.225050 0.232331 0.240270 0.226613 0.226613 0.230736 0.229897 0.229605 0.219892 0.229262 0.234929 0.235177 0.229383 0.239053 0.232449 0.232449 0.230024 0.234869 0.225599 0.228308 0.226807 0.229207 0.234136 0.232860 0.227039 0.229535 0.229535 0.230515 0.237069 0.227018 0.230776 0.226343 0.233127 0.226983 0.226490 0.234056 0.234408 0.234408 0.235343 0.231247 0.224146 0.239006 0.230813 0.229372 0.236025 0.232017 0.242113 0.234408 0.234408 0.235343 0.231247 0.224146 0.239006 0.230813 0.229372 0.236025 0.232017 0.242113 0.234967 0.234967 0.233808 0.236362 0.227342 0.228226 0.227981 0.231316 0.231306 0.234429 0.236937 0.226579 0.226579 0.226796 0.229444 0.222337 0.230636 0.228273 0.232709 0.234121 0.231138 0.232840 0.226599 0.226599 0.225231 0.231039 0.223599 0.220176 0.222868 0.229568 0.239730 0.232180 0.238750 0.228791 0.228791 0.227112 0.225580 0.226342 0.222286 0.221253 0.224678 0.234063 0.228041 0.230378 0.233944 0.233944 0.226515 0.228612 0.222998 0.220825 0.228050 0.229299 0.237751 0.236489 0.238535 0.225218 0.225218 0.229385 0.223642 0.226982 0.227429 0.219083 0.226587 0.230674 0.234469 0.240221 0.227408 0.227408 0.225987 0.230325 0.229921 0.222331 0.225431 0.226696 0.230736 0.235647 0.237402 0.230924 0.230924 0.223643 0.230136 0.230598 0.231351 0.226189 0.233141 0.225558 0.228795 0.236972 0.227186 0.227186 0.235406 0.231863 0.232537 0.231148 0.232281 0.225966 0.229047 0.231291 0.238272 0.234813 0.234813 0.225705 0.233731 0.227929 0.236884 0.234712 0.233977 0.231561 0.232389 0.244207 0.234813 0.234813 0.225705 0.233731 0.227929 0.236884 0.234712 0.233977 0.231561 0.232389 0.244207 0.237467 0.237467 0.229259 0.231511 0.231066 0.234617 0.224924 0.227669 0.228514 0.228454 0.234475 0.234615 0.234615 0.229756 0.226219 0.229707 0.220911 0.221765 0.233911 0.228015 0.227271 0.238933 0.225036 0.225036 0.225658 0.229704 0.228974 0.229254 0.222446 0.230937 0.237409 0.230233 0.230655 0.230917 0.230917 0.227211 0.231047 0.222879 0.229026 0.221333 0.226659 0.227339 0.226066 0.228868 0.223615 0.223615 0.227667 0.221213 0.224327 0.226933 0.220845 0.224426 0.235462 0.238767 0.240710 0.233019 0.233019 0.224359 0.230226 0.221450 0.228846 0.222971 0.227486 0.230380 0.232447 0.240097 0.229704 0.229704 0.231080 0.232254 0.226193 0.228564 0.227957 0.231698 0.224375 0.236781 0.237382 0.234442 0.234442 0.232880 0.233121 0.237147 0.228669 0.225541 0.232688 0.231780 0.226952 0.242438 0.229366 0.229366 0.232632 0.234409 0.226812 0.230529 0.237408 0.233224 0.234103 0.231137 0.239925 0.236146 0.236146 0.229529 0.226443 0.233533 0.237924 0.232031 0.227935 0.236008 0.238659 0.237933 0.236146 0.236146 0.229529 0.226443 0.233533 0.237924 0.232031 0.227935 0.236008 0.238659 0.237933 0.234262 0.234262 0.229339 0.234893 0.230229 0.232142 0.234564 0.229993 0.237489 0.228250 0.238230 0.227174 0.227174 0.227677 0.228637 0.228085 0.226821 0.221832 0.230411 0.229993 0.231358 0.229318 0.224465 0.224465 0.225432 0.231299 0.225507 0.226632 0.224572 0.229131 0.233014 0.225044 0.230948 0.226183 0.226183 0.228408 0.232082 0.225973 0.218690 0.218346 0.234155 0.229793 0.232889 0.240030 0.234684 0.234684 0.234822 0.229229 0.226258 0.224997 0.224262 0.226924 0.233095 0.230242 0.229958 0.227284 0.227284 0.226685 0.233889 0.232653 0.230050 0.231083 0.222257 0.229343 0.230726 0.237462 0.231914 0.231914 0.232058 0.231840 0.225631 0.224037 0.226869 0.234627 0.228719 0.233192 0.235211 0.229031 0.229031 0.232288 0.235884 0.233696 0.225455 0.228227 0.234217 0.236870 0.236581 0.238208 0.234673 0.234673 0.231637 0.235314 0.231784 0.233153 0.233344 0.235470 0.227566 0.226060 0.240766 0.239378 0.239378 0.235573 0.227249 0.228474 0.239641 0.227726 0.227913 0.241061 0.242722 0.242203 0.239378 0.239378 0.235573 0.227249 0.228474 0.239641 0.227726 0.227913 0.241061 0.242722 0.242203 0.234529 0.234529 0.226219 0.230207 0.231046 0.225676 0.232029 0.232898 0.239997 0.237654 0.239851 0.229945 0.229945 0.229788 0.219871 0.232561 0.222812 0.225608 0.236410 0.235687 0.233133 0.238200 0.225154 0.225154 0.231238 0.230700 0.220473 0.224624 0.227724 0.224053 0.234720 0.225536 0.239447 0.232869 0.232869 0.225880 0.226379 0.224929 0.222667 0.224303 0.226465 0.227087 0.239946 0.237704 0.224178 0.224178 0.233899 0.220854 0.226973 0.218058 0.219950 0.223260 0.231084 0.231351 0.233880 0.232512 0.232512 0.227539 0.221674 0.232832 0.223694 0.227984 0.223014 0.229074 0.236413 0.240391 0.229798 0.229798 0.234106 0.238102 0.225535 0.226800 0.224475 0.224680 0.230211 0.232022 0.242288 0.233348 0.233348 0.232286 0.232446 0.227984 0.230435 0.235128 0.226713 0.231539 0.228413 0.234709 0.227011 0.227011 0.234928 0.240911 0.230319 0.237915 0.226265 0.234913 0.237715 0.234149 0.231890 0.232096 0.232096 0.236202 0.233388 0.225368 0.238847 0.230865 0.236786 0.237825 0.232945 0.244000 0.232096 0.232096 0.236202 0.233388 0.225368 0.238847 0.230865 0.236786 0.237825 0.232945 0.244000 0.229195 0.229195 0.223606 0.231862 0.226298 0.225383 0.233628 0.228044 0.229721 0.230677 0.239004 0.228221 0.228221 0.230981 0.223599 0.226078 0.232852 0.227605 0.225168 0.235071 0.238001 0.234867 0.228968 0.228968 0.231086 0.228789 0.225141 0.224315 0.223955 0.222779 0.238213 0.233382 0.237126 0.232807 0.232807 0.227483 0.229624 0.234710 0.230546 0.229798 0.222548 0.229076 0.229519 0.237106 0.236182 0.236182 0.230376 0.223984 0.226611 0.226368 0.227591 0.228159 0.236884 0.229034 0.232289 0.226293 0.226293 0.224146 0.227279 0.234923 0.229263 0.222616 0.230319 0.230109 0.232400 0.232601 0.229383 0.229383 0.233510 0.229306 0.229686 0.227322 0.224369 0.226144 0.227405 0.241224 0.233669 0.231419 0.231419 0.224734 0.238625 0.227883 0.228742 0.230513 0.231855 0.234303 0.240694 0.236014 0.236701 0.236701 0.227625 0.235013 0.232171 0.230732 0.232012 0.229641 0.229431 0.228815 0.233532 0.232833 0.232833 0.236438 0.231363 0.230659 0.231946 0.228972 0.235492 0.239244 0.233225 0.249002 0.232833 0.232833 0.236438 0.231363 0.230659 0.231946 0.228972 0.235492 0.239244 0.233225 0.249002 0.236959 0.236959 0.222440 0.231275 0.230609 0.230491 0.232554 0.228346 0.225606 0.232267 0.241496 0.236771 0.236771 0.230444 0.224276 0.222117 0.221912 0.222602 0.234691 0.234295 0.233015 0.235661 0.234815 0.234815 0.225944 0.226153 0.225571 0.229646 0.220803 0.231468 0.233561 0.227962 0.228839 0.228850 0.228850 0.230034 0.222666 0.226251 0.226284 0.227638 0.228509 0.231249 0.235505 0.229316 0.234773 0.234773 0.227941 0.222046 0.224375 0.221860 0.222360 0.230487 0.227947 0.229358 0.236893 0.229757 0.229757 0.228042 0.229535 0.229731 0.221814 0.219210 0.231129 0.231826 0.234460 0.232547 0.234984 0.234984 0.232587 0.227124 0.236077 0.230194 0.226076 0.229851 0.231074 0.231754 0.242960 0.236480 0.236480 0.228921 0.234962 0.226929 0.235547 0.225242 0.226853 0.231037 0.233962 0.231602 0.227861 0.227861 0.228422 0.233565 0.238063 0.227185 0.225298 0.233368 0.235943 0.237334 0.231503 0.235633 0.235633 0.239277 0.227859 0.229545 0.232507 0.236082 0.235506 0.234836 0.239693 0.244395 0.235633 0.235633 0.239277 0.227859 0.229545 0.232507 0.236082 0.235506 0.234836 0.239693 0.244395 0.233922 0.233922 0.225348 0.235404 0.227863 0.233333 0.232558 0.228346 0.231285 0.231348 0.244558 0.230727 0.230727 0.236110 0.225258 0.225788 0.231438 0.225032 0.228927 0.231130 0.232920 0.239528 0.230402 0.230402 0.227052 0.225935 0.231646 0.219066 0.219108 0.231912 0.234133 0.239710 0.238583 0.228604 0.228604 0.222871 0.223495 0.224408 0.221101 0.227061 0.221128 0.230733 0.232240 0.235926 0.231145 0.231145 0.224551 0.229616 0.223002 0.227994 0.228927 0.223332 0.230771 0.232000 0.230898 0.230856 0.230856 0.227875 0.231778 0.227954 0.222138 0.224971 0.230565 0.224417 0.237586 0.232341 0.228195 0.228195 0.226327 0.236653 0.232764 0.231788 0.224942 0.229422 0.232385 0.237970 0.238183 0.236309 0.236309 0.225890 0.228904 0.228536 0.231904 0.225043 0.234521 0.234844 0.234785 0.233386 0.224747 0.224747 0.230343 0.240083 0.236273 0.232094 0.226137 0.226877 0.237774 0.235548 0.236909 0.234298 0.234298 0.234800 0.223285 0.232676 0.230124 0.233868 0.233421 0.235307 0.237840 0.241559 0.234298 0.234298 0.234800 0.223285 0.232676 0.230124 0.233868 0.233421 0.235307 0.237840 0.241559 0.234333 0.234333 0.227192 0.232245 0.227580 0.228435 0.229790 0.229854 0.231546 0.230015 0.236255 0.233987 0.233987 0.231508 0.230925 0.221627 0.229166 0.229742 0.232984 0.226058 0.233668 0.238794 0.230664 0.230664 0.233719 0.220163 0.228472 0.224366 0.225747 0.231896 0.235420 0.239521 0.233077 0.237568 0.237568 0.222817 0.229210 0.230274 0.222104 0.221682 0.223598 0.233729 0.231307 0.238189 0.226487 0.226487 0.230297 0.219371 0.229401 0.230603 0.217313 0.231070 0.237069 0.231892 0.232238 0.228580 0.228580 0.233510 0.231620 0.230627 0.217941 0.220975 0.232498 0.229373 0.239971 0.242669 0.231209 0.231209 0.221753 0.230332 0.228471 0.222737 0.228214 0.227462 0.225253 0.233059 0.232555 0.231960 0.231960 0.234613 0.234680 0.234027 0.230650 0.230004 0.233074 0.236031 0.237251 0.242821 0.232968 0.232968 0.228003 0.240570 0.236696 0.235985 0.230395 0.229012 0.240178 0.233249 0.234985 0.230049 0.230049 0.237650 0.235382 0.228229 0.234753 0.232239 0.236844 0.234475 0.244027 0.243813 0.230049 0.230049 0.237650 0.235382 0.228229 0.234753 0.232239 0.236844 0.234475 0.244027 0.243813 0.236850 0.236850 0.223937 0.227124 0.226357 0.222727 0.232901 0.234947 0.238606 0.232844 0.239620 0.228098 0.228098 0.229693 0.230588 0.231126 0.223467 0.220960 0.231166 0.225427 0.238523 0.236713 0.230956 0.230956 0.227869 0.227800 0.224604 0.230652 0.224193 0.228844 0.229637 0.230580 0.240314 0.233195 0.233195 0.231483 0.226655 0.223429 0.229078 0.228357 0.224847 0.225845 0.230212 0.240356 0.229756 0.229756 0.228942 0.223081 0.226718 0.221406 0.222412 0.228200 0.232815 0.239867 0.233630 0.232316 0.232316 0.224103 0.226149 0.225164 0.222006 0.227168 0.223709 0.233024 0.236624 0.236648 0.224977 0.224977 0.230068 0.227766 0.226405 0.225477 0.230968 0.236648 0.230289 0.230579 0.234882 0.231850 0.231850 0.224747 0.226211 0.239030 0.236809 0.222954 0.233188 0.231287 0.241048 0.239933 0.232667 0.232667 0.230438 0.240859 0.239781 0.229425 0.231796 0.238948 0.237001 0.231195 0.236999 0.240587 0.240587 0.237072 0.232842 0.229689 0.231419 0.229168 0.225362 0.241673 0.233884 0.238456 0.240587 0.240587 0.237072 0.232842 0.229689 0.231419 0.229168 0.225362 0.241673 0.233884 0.238456 0.236857 0.236857 0.225063 0.225039 0.226404 0.227236 0.224525 0.232834 0.233473 0.233505 0.242294 0.223909 0.223909 0.228977 0.219895 0.233273 0.229391 0.232592 0.227270 0.229094 0.241906 0.240876 0.233219 0.233219 0.231076 0.222231 0.221333 0.221912 0.230928 0.228897 0.233786 0.230770 0.230063 0.226237 0.226237 0.228683 0.224525 0.226210 0.229994 0.225414 0.229692 0.228534 0.235365 0.231442 0.237767 0.237767 0.225056 0.227384 0.228834 0.224584 0.227213 0.233685 0.234414 0.238587 0.231559 0.228283 0.228283 0.226468 0.226219 0.230978 0.230756 0.220388 0.226473 0.229198 0.234720 0.240317 0.230661 0.230661 0.228362 0.235220 0.231107 0.231878 0.226669 0.230899 0.234207 0.235426 0.231888 0.236481 0.236481 0.227398 0.230776 0.233603 0.233417 0.227643 0.235687 0.227693 0.240392 0.232480 0.234371 0.234371 0.231691 0.233278 0.231189 0.232786 0.230837 0.236139 0.228874 0.236530 0.238558 0.231711 0.231711 0.229743 0.233336 0.229380 0.228729 0.229685 0.225442 0.240183 0.233543 0.235672 0.231711 0.231711 0.229743 0.233336 0.229380 0.228729 0.229685 0.225442 0.240183 0.233543 0.235672 0.234668 0.234668 0.232380 0.227181 0.230470 0.228927 0.232259 0.233182 0.237417 0.232106 0.240855 0.235482 0.235482 0.228418 0.226089 0.231614 0.235643 0.231542 0.227933 0.236846 0.239927 0.239413 0.226130 0.226130 0.232253 0.227600 0.223831 0.224700 0.229058 0.226462 0.230584 0.232942 0.241947 0.227010 0.227010 0.219180 0.229921 0.227022 0.221412 0.227429 0.232098 0.234798 0.232487 0.230582 0.227595 0.227595 0.223340 0.224020 0.230939 0.228002 0.229793 0.221633 0.234012 0.235017 0.237387 0.227904 0.227904 0.229956 0.235178 0.231796 0.223549 0.232371 0.228278 0.228276 0.234933 0.239705 0.231832 0.231832 0.226397 0.232154 0.226685 0.227069 0.221679 0.233489 0.241114 0.239469 0.233831 0.228586 0.228586 0.231555 0.240118 0.231255 0.231022 0.227770 0.230097 0.234333 0.237661 0.233322 0.224424 0.224424 0.233585 0.232847 0.236908 0.228297 0.232340 0.232331 0.235927 0.240306 0.230601 0.232427 0.232427 0.232449 0.223656 0.226548 0.234826 0.231623 0.234574 0.231568 0.240835 0.245604 0.232427 0.232427 0.232449 0.223656 0.226548 0.234826 0.231623 0.234574 0.231568 0.240835 0.245604 0.233170 0.233170 0.234416 0.221126 0.224482 0.222820 0.230547 0.236507 0.229028 0.231417 0.243496 0.231722 0.231722 0.223259 0.225550 0.234233 0.230936 0.223025 0.224387 0.226672 0.236831 0.239429 0.231167 0.231167 0.231990 0.228281 0.229336 0.222280 0.231715 0.224730 0.238319 0.229533 0.241203 0.226737 0.226737 0.226683 0.229209 0.224135 0.218061 0.226964 0.223353 0.229939 0.230420 0.234593 0.234843 0.234843 0.226915 0.220970 0.232076 0.229678 0.224130 0.226703 0.230070 0.238824 0.244443 0.226851 0.226851 0.225892 0.224809 0.223884 0.223036 0.230500 0.231743 0.233972 0.240692 0.239720 0.226513 0.226513 0.228536 0.229077 0.229632 0.222292 0.221700 0.239898 0.230399 0.236567 0.241801 0.231559 0.231559 0.234480 0.231977 0.235720 0.231645 0.225950 0.237605 0.239368 0.238996 0.240455 0.229302 0.229302 0.236711 0.233531 0.232222 0.236163 0.239725 0.237573 0.231674 0.238241 0.229992 0.231853 0.231853 0.232728 0.231158 0.235055 0.226966 0.231649 0.234959 0.231779 0.240981 0.238107 0.231853 0.231853 0.232728 0.231158 0.235055 0.226966 0.231649 0.234959 0.231779 0.240981 0.238107 0.237496 0.237496 0.234156 0.226971 0.232047 0.225960 0.226983 0.234234 0.232037 0.236132 0.234389 0.233242 0.233242 0.228365 0.223232 0.224908 0.229724 0.229915 0.235149 0.231879 0.233738 0.234990 0.229011 0.229011 0.224477 0.221736 0.224144 0.229360 0.226294 0.229735 0.231601 0.239504 0.232082 0.235016 0.235016 0.217261 0.222466 0.232129 0.219268 0.220813 0.223308 0.235002 0.229728 0.241190 0.228756 0.228756 0.234487 0.227572 0.227451 0.227593 0.224664 0.228471 0.236670 0.236693 0.241116 0.229400 0.229400 0.228763 0.226237 0.221122 0.225179 0.224470 0.229068 0.228276 0.233020 0.237231 0.228791 0.228791 0.226404 0.233709 0.229830 0.221698 0.222383 0.235552 0.235795 0.240465 0.239822 0.228616 0.228616 0.229771 0.235289 0.230707 0.236380 0.225565 0.230620 0.228730 0.235473 0.236903 0.228191 0.228191 0.230835 0.240800 0.235345 0.228489 0.233163 0.227926 0.235207 0.235820 0.229585 0.230866 0.230866 0.230925 0.228075 0.231379 0.228250 0.228320 0.230662 0.234443 0.232057 0.235143 0.230866 0.230866 0.230925 0.228075 0.231379 0.228250 0.228320 0.230662 0.234443 0.232057 0.235143 0.233673 0.233673 0.226419 0.223273 0.226726 0.223167 0.220709 0.229733 0.239812 0.235230 0.237916 0.228774 0.228774 0.228596 0.226682 0.229559 0.221552 0.226406 0.227316 0.236553 0.232926 0.236632 0.229011 0.229011 0.226068 0.225926 0.223926 0.219332 0.220305 0.233368 0.232232 0.231309 0.233707 0.226130 0.226130 0.218083 0.224982 0.224720 0.228498 0.226728 0.224649 0.231481 0.231284 0.241739 0.231442 0.231442 0.226782 0.223019 0.223616 0.218414 0.221033 0.227691 0.230983 0.243257 0.239056 0.231661 0.231661 0.229634 0.233121 0.231136 0.229664 0.226423 0.226606 0.235580 0.240382 0.237271 0.229394 0.229394 0.232709 0.230415 0.226455 0.222203 0.219188 0.235642 0.233619 0.242368 0.240016 0.226847 0.226847 0.233030 0.231862 0.236367 0.230492 0.228278 0.232653 0.238932 0.240446 0.234110 0.232607 0.232607 0.231556 0.228860 0.229494 0.234107 0.233705 0.234884 0.241380 0.240313 0.233998 0.232788 0.232788 0.230753 0.228208 0.230651 0.225652 0.235469 0.226471 0.239124 0.240856 0.234823 0.232788 0.232788 0.230753 0.228208 0.230651 0.225652 0.235469 0.226471 0.239124 0.240856 0.234823 0.232848 0.232848 0.231304 0.234216 0.228327 0.235197 0.229707 0.231826 0.226676 0.234439 0.235422 0.228773 0.228773 0.224809 0.227608 0.227362 0.222513 0.232518 0.225047 0.231999 0.237017 0.241367 0.223367 0.223367 0.230293 0.224033 0.224149 0.229329 0.222630 0.227639 0.235022 0.229350 0.232619 0.226213 0.226213 0.217904 0.224481 0.224791 0.225414 0.230742 0.222393 0.228197 0.231366 0.241058 0.226227 0.226227 0.229319 0.221835 0.230013 0.221701 0.224266 0.222521 0.235975 0.230651 0.234195 0.229773 0.229773 0.227266 0.228983 0.225220 0.225404 0.224291 0.226686 0.239927 0.232691 0.237762 0.228427 0.228427 0.226687 0.225672 0.226856 0.227526 0.231626 0.234807 0.231366 0.233515 0.239686 0.232323 0.232323 0.230425 0.235721 0.227352 0.230891 0.226524 0.231595 0.234726 0.242990 0.240945 0.226888 0.226888 0.227889 0.234726 0.231604 0.227628 0.226003 0.235773 0.241752 0.238369 0.230400 0.233202 0.233202 0.235608 0.229795 0.236659 0.233079 0.235721 0.230157 0.233161 0.237943 0.244078 0.233202 0.233202 0.235608 0.229795 0.236659 0.233079 0.235721 0.230157 0.233161 0.237943 0.244078 0.228105 0.228105 0.225898 0.231790 0.222817 0.233126 0.225499 0.236404 0.225809 0.236494 0.244140 0.236653 0.236653 0.231181 0.224275 0.232784 0.226956 0.230261 0.229838 0.227308 0.238824 0.240569 0.230385 0.230385 0.222776 0.221485 0.228408 0.225497 0.229228 0.224388 0.237353 0.234437 0.241354 0.222795 0.222795 0.221833 0.229487 0.225458 0.229867 0.224817 0.225659 0.234745 0.229633 0.237455 0.235564 0.235564 0.225004 0.226068 0.218746 0.225802 0.226197 0.226602 0.233640 0.229695 0.239015 0.230193 0.230193 0.230640 0.222271 0.228814 0.227695 0.225244 0.226442 0.231774 0.237222 0.243042 0.220414 0.220414 0.233749 0.234171 0.231906 0.221810 0.230467 0.227664 0.235933 0.241016 0.234079 0.227053 0.227053 0.228043 0.227651 0.234090 0.231869 0.226155 0.229679 0.231369 0.236230 0.233040 0.224939 0.224939 0.231191 0.230746 0.229883 0.236412 0.225452 0.237721 0.239301 0.240399 0.233216 0.236249 0.236249 0.233368 0.229973 0.234825 0.237515 0.235549 0.236548 0.235118 0.240485 0.240572 0.236249 0.236249 0.233368 0.229973 0.234825 0.237515 0.235549 0.236548 0.235118 0.240485 0.240572 0.231274 0.231274 0.223584 0.231456 0.231126 0.229570 0.227730 0.232567 0.225460 0.229947 0.231940 0.230355 0.230355 0.225429 0.222746 0.234150 0.229891 0.229622 0.227579 0.227345 0.239530 0.235476 0.226489 0.226489 0.229924 0.224197 0.225915 0.231253 0.228765 0.234561 0.232523 0.232134 0.235854 0.227539 0.227539 0.220885 0.226897 0.223343 0.222202 0.221446 0.231574 0.233000 0.228960 0.236224 0.226605 0.226605 0.231040 0.230227 0.230997 0.225530 0.229651 0.227666 0.234165 0.236754 0.235070 0.230647 0.230647 0.226479 0.232750 0.231866 0.232936 0.222568 0.223375 0.234705 0.235214 0.239547 0.230110 0.230110 0.230239 0.234885 0.226458 0.230389 0.232637 0.233681 0.238249 0.229486 0.241480 0.232175 0.232175 0.224689 0.232332 0.231467 0.232409 0.221478 0.232805 0.228333 0.239951 0.239137 0.233806 0.233806 0.226614 0.231233 0.237010 0.239060 0.234650 0.232596 0.241279 0.237022 0.241896 0.234841 0.234841 0.227765 0.222478 0.231311 0.230753 0.230444 0.226796 0.235030 0.233504 0.238061 0.234841 0.234841 0.227765 0.222478 0.231311 0.230753 0.230444 0.226796 0.235030 0.233504 0.238061 0.236021 0.236021 0.226451 0.224332 0.225970 0.231939 0.233499 0.230301 0.232705 0.229604 0.231660 0.235718 0.235718 0.226563 0.222984 0.228825 0.229355 0.229879 0.233866 0.231674 0.227514 0.239084 0.226079 0.226079 0.224999 0.227786 0.230422 0.230393 0.227267 0.223063 0.230090 0.229613 0.237904 0.230090 0.230090 0.226430 0.221713 0.226543 0.228633 0.225414 0.227618 0.232110 0.233671 0.237939 0.223772 0.223772 0.221563 0.231392 0.226395 0.221802 0.220858 0.220125 0.236529 0.235489 0.238117 0.223967 0.223967 0.230967 0.223577 0.224232 0.225626 0.224277 0.230066 0.233366 0.234776 0.233270 0.223998 0.223998 0.232054 0.228475 0.223826 0.231431 0.232724 0.232489 0.236300 0.229344 0.232454 0.227134 0.227134 0.223713 0.235485 0.234602 0.230657 0.231728 0.238418 0.233949 0.236112 0.234207 0.235053 0.235053 0.234079 0.231081 0.237514 0.230985 0.231550 0.233903 0.243688 0.235729 0.235545 0.236143 0.236143 0.229585 0.230864 0.232733 0.232193 0.231442 0.228049 0.234685 0.234135 0.231829 0.236143 0.236143 0.229585 0.230864 0.232733 0.232193 0.231442 0.228049 0.234685 0.234135 0.231829 0.235468 0.235468 0.228717 0.221545 0.223260 0.234684 0.233727 0.230977 0.226398 0.238847 0.237809 0.230101 0.230101 0.232443 0.219526 0.231323 0.231040 0.227360 0.232140 0.225257 0.227644 0.239433 0.223711 0.223711 0.224733 0.225788 0.227484 0.231860 0.226204 0.223229 0.229256 0.233609 0.236516 0.235078 0.235078 0.221782 0.226663 0.229707 0.227228 0.227824 0.233171 0.231895 0.232071 0.235459 0.232095 0.232095 0.231174 0.227353 0.224783 0.223866 0.220739 0.222652 0.228461 0.237767 0.239470 0.228709 0.228709 0.224541 0.222977 0.230427 0.229087 0.223983 0.224377 0.229330 0.237343 0.242119 0.223244 0.223244 0.232117 0.227425 0.234602 0.231920 0.229315 0.232951 0.229486 0.236767 0.231939 0.229022 0.229022 0.228230 0.234536 0.240327 0.232696 0.225600 0.236219 0.230338 0.233255 0.240605 0.233946 0.233946 0.233902 0.237050 0.233375 0.231160 0.237791 0.237061 0.232681 0.239872 0.237070 0.240125 0.240125 0.233338 0.228859 0.234746 0.233832 0.237124 0.231632 0.234094 0.237527 0.242771 0.240125 0.240125 0.233338 0.228859 0.234746 0.233832 0.237124 0.231632 0.234094 0.237527 0.242771 0.231559 0.231559 0.227193 0.231015 0.233862 0.236765 0.225023 0.228110 0.232233 0.233368 0.243086 0.236848 0.236848 0.228604 0.220117 0.232013 0.224528 0.235651 0.237901 0.226780 0.232297 0.230732 0.234706 0.234706 0.225198 0.227042 0.222432 0.223438 0.224719 0.221778 0.232036 0.239745 0.238912 0.231319 0.231319 0.220501 0.220666 0.222070 0.222619 0.222454 0.227024 0.234192 0.233416 0.231199 0.235521 0.235521 0.224662 0.221634 0.225369 0.228066 0.225944 0.223441 0.227090 0.237578 0.233830 0.225849 0.225849 0.222173 0.220513 0.225564 0.225744 0.226685 0.225549 0.232132 0.237621 0.235269 0.226232 0.226232 0.223202 0.233595 0.229231 0.232015 0.223545 0.232676 0.235019 0.238388 0.239595 0.233257 0.233257 0.224845 0.237192 0.229054 0.236564 0.230389 0.228409 0.231519 0.235807 0.236987 0.235541 0.235541 0.226148 0.232459 0.235445 0.229755 0.236265 0.234370 0.236604 0.230856 0.240724 0.229643 0.229643 0.234378 0.231520 0.235661 0.229681 0.232701 0.230201 0.239700 0.230073 0.235118 0.229643 0.229643 0.234378 0.231520 0.235661 0.229681 0.232701 0.230201 0.239700 0.230073 0.235118 0.231704 0.231704 0.228595 0.223995 0.224690 0.231223 0.227538 0.224993 0.233425 0.234879 0.232049 0.228744 0.228744 0.225190 0.230138 0.222433 0.233150 0.229492 0.228485 0.225941 0.232186 0.240761 0.225563 0.225563 0.231264 0.229021 0.231099 0.226657 0.231117 0.224821 0.236120 0.235993 0.242156 0.227867 0.227867 0.231299 0.223016 0.228958 0.230692 0.223783 0.227363 0.227522 0.231332 0.238775 0.232193 0.232193 0.223371 0.219244 0.226719 0.226687 0.222960 0.230483 0.225525 0.235239 0.239562 0.228889 0.228889 0.226693 0.221684 0.230653 0.226456 0.221733 0.226351 0.235812 0.229375 0.228145 0.231778 0.231778 0.224925 0.229160 0.223576 0.225217 0.227969 0.226378 0.236453 0.236480 0.232569 0.226335 0.226335 0.231982 0.237160 0.228051 0.230638 0.227171 0.233926 0.236686 0.235052 0.238217 0.228672 0.228672 0.236345 0.229335 0.236966 0.235634 0.229642 0.232965 0.236489 0.238625 0.239865 0.237624 0.237624 0.232740 0.234337 0.231226 0.230309 0.230259 0.234991 0.240792 0.230554 0.237012 0.237624 0.237624 0.232740 0.234337 0.231226 0.230309 0.230259 0.234991 0.240792 0.230554 0.237012 0.234019 0.234019 0.234540 0.220299 0.227915 0.234131 0.223891 0.229774 0.229434 0.233741 0.241648 0.229095 0.229095 0.228925 0.226121 0.225419 0.235323 0.236183 0.227768 0.232602 0.238004 0.234169 0.233859 0.233859 0.232174 0.219795 0.228495 0.224806 0.230798 0.226041 0.229033 0.234953 0.240694 0.231449 0.231449 0.226002 0.229708 0.224743 0.228779 0.222734 0.230222 0.228070 0.235993 0.235784 0.226466 0.226466 0.227275 0.220175 0.222492 0.234621 0.228555 0.227560 0.230994 0.239184 0.230302 0.230451 0.230451 0.225133 0.221494 0.226979 0.222895 0.220376 0.225988 0.229779 0.237417 0.239761 0.227017 0.227017 0.221839 0.229931 0.226197 0.226853 0.223166 0.232419 0.230441 0.230324 0.233692 0.231019 0.231019 0.228541 0.234521 0.238685 0.228630 0.231585 0.227301 0.232613 0.238254 0.242115 0.233438 0.233438 0.235819 0.235010 0.240182 0.236998 0.235473 0.227251 0.232233 0.235876 0.233887 0.228830 0.228830 0.232950 0.229356 0.228416 0.229571 0.237378 0.235064 0.238783 0.232046 0.233829 0.228830 0.228830 0.232950 0.229356 0.228416 0.229571 0.237378 0.235064 0.238783 0.232046 0.233829 0.232251 0.232251 0.225703 0.232254 0.235626 0.229206 0.232417 0.231101 0.237810 0.227878 0.243870 0.232573 0.232573 0.224959 0.230644 0.227723 0.224310 0.232548 0.233567 0.233598 0.228815 0.235944 0.231100 0.231100 0.233337 0.215814 0.231274 0.224427 0.226114 0.228295 0.233537 0.230348 0.235595 0.234057 0.234057 0.226804 0.221343 0.222236 0.224102 0.219749 0.222056 0.226770 0.233497 0.236404 0.233132 0.233132 0.220236 0.230482 0.231531 0.228922 0.228279 0.226717 0.235973 0.228017 0.237633 0.227754 0.227754 0.226318 0.222159 0.233218 0.227270 0.229209 0.226040 0.230353 0.234993 0.230371 0.228555 0.228555 0.228782 0.230374 0.236995 0.223979 0.227569 0.224564 0.229552 0.235517 0.231178 0.228619 0.228619 0.224396 0.228546 0.238988 0.231197 0.228419 0.225995 0.228796 0.232464 0.231653 0.232788 0.232788 0.235150 0.233792 0.238285 0.238079 0.229001 0.228055 0.227192 0.231573 0.243479 0.237352 0.237352 0.230174 0.232444 0.229196 0.221886 0.233648 0.228479 0.235224 0.237699 0.235917 0.237352 0.237352 0.230174 0.232444 0.229196 0.221886 0.233648 0.228479 0.235224 0.237699 0.235917 0.230555 0.230555 0.221977 0.221773 0.225593 0.228984 0.235381 0.228436 0.232324 0.232443 0.234799 0.226710 0.226710 0.220992 0.223145 0.223492 0.228683 0.231492 0.235213 0.222464 0.232627 0.234428 0.228587 0.228587 0.229511 0.221412 0.227404 0.231004 0.223034 0.232756 0.226328 0.224223 0.236715 0.231866 0.231866 0.223279 0.224849 0.230780 0.229483 0.229830 0.227835 0.229461 0.236716 0.236604 0.224748 0.224748 0.229777 0.228091 0.229727 0.230215 0.225464 0.229207 0.226848 0.230562 0.237608 0.229339 0.229339 0.229530 0.221691 0.229692 0.222466 0.231394 0.230276 0.236806 0.228068 0.235528 0.234441 0.234441 0.226488 0.228090 0.233786 0.231557 0.225165 0.233032 0.234579 0.237108 0.241600 0.226753 0.226753 0.223972 0.231443 0.234902 0.225156 0.224578 0.229334 0.228239 0.236468 0.232493 0.224192 0.224192 0.228407 0.229682 0.235476 0.228868 0.233229 0.232648 0.231660 0.239700 0.236723 0.236786 0.236786 0.231961 0.226298 0.230972 0.228505 0.236321 0.229528 0.231594 0.237202 0.233274 0.236786 0.236786 0.231961 0.226298 0.230972 0.228505 0.236321 0.229528 0.231594 0.237202 0.233274 0.232819 0.232819 0.232168 0.224292 0.224215 0.237389 0.234457 0.236343 0.228959 0.231511 0.238063 0.225660 0.225660 0.230092 0.228265 0.228252 0.229563 0.223625 0.230616 0.231846 0.227308 0.239482 0.238176 0.238176 0.221695 0.228239 0.230697 0.224425 0.232185 0.229680 0.232475 0.229170 0.238566 0.234304 0.234304 0.232445 0.226128 0.223507 0.222648 0.228993 0.228052 0.228272 0.232184 0.231250 0.229371 0.229371 0.223204 0.219868 0.230111 0.223727 0.230321 0.227181 0.226273 0.226965 0.230193 0.229800 0.229800 0.231008 0.229291 0.231612 0.225795 0.225004 0.224967 0.229902 0.230642 0.230554 0.236139 0.236139 0.225854 0.227374 0.223396 0.233945 0.220721 0.226715 0.230822 0.229880 0.231169 0.234779 0.234779 0.223074 0.233640 0.237119 0.235085 0.227524 0.231381 0.226222 0.231299 0.239867 0.234384 0.234384 0.228684 0.239636 0.238767 0.226802 0.228728 0.226197 0.230306 0.239030 0.241729 0.237857 0.237857 0.232558 0.229275 0.234516 0.228291 0.229723 0.237144 0.237124 0.231478 0.240742 0.237857 0.237857 0.232558 0.229275 0.234516 0.228291 0.229723 0.237144 0.237124 0.231478 0.240742 0.236925 0.236925 0.222512 0.230324 0.224736 0.237674 0.228661 0.232827 0.226918 0.238404 0.231781 0.226315 0.226315 0.222144 0.226091 0.221644 0.227151 0.231138 0.234968 0.230128 0.228126 0.238017 0.235468 0.235468 0.225035 0.215613 0.231620 0.235901 0.230424 0.231397 0.232108 0.232774 0.235551 0.230540 0.230540 0.228669 0.223630 0.227017 0.224766 0.227863 0.230755 0.226180 0.233364 0.234909 0.227105 0.227105 0.220114 0.221080 0.232689 0.228065 0.223426 0.234110 0.223488 0.235945 0.229504 0.224063 0.224063 0.227732 0.231431 0.224036 0.227004 0.220026 0.228254 0.229580 0.227992 0.238849 0.229574 0.229574 0.230060 0.227056 0.226090 0.232363 0.224142 0.229887 0.233908 0.226623 0.234064 0.232442 0.232442 0.223705 0.232312 0.234480 0.236844 0.226625 0.222058 0.230710 0.230846 0.235152 0.235736 0.235736 0.224342 0.232174 0.238598 0.227857 0.228071 0.230142 0.233079 0.233433 0.242888 

