# Core entry pressure field in MOOSE GriddedData format

AXIS X
0.0000 0.0060 0.0120 0.0180 0.0240 0.0300 0.0360 0.0420 0.0480 0.0540 0.0600 

AXIS Y
0.0000 0.0060 0.0120 0.0180 0.0240 0.0300 0.0360 0.0420 0.0480 0.0540 0.0600 

AXIS Z
0.0000 0.0060 0.0120 0.0180 0.0240 0.0300 0.0360 0.0420 0.0480 0.0540 0.0600 0.0660 0.0720 0.0780 0.0840 0.0900 0.0960 0.1020 0.1080 0.1140 0.1200 0.1260 0.1320 0.1380 0.1440 0.1500 0.1560 0.1620 0.1680 0.1740 0.1800 0.1860 0.1920 0.1980 0.2040 0.2100 0.2160 0.2220 0.2280 0.2340 0.2400 0.2460 0.2520 0.2580 0.2640 0.2700 0.2760 0.2820 0.2880 0.2940 0.3000 

DATA
4080.669873 4080.669873 4282.873300 4722.074273 4929.680409 4606.459075 4633.622118 4595.393819 4456.073420 4195.873188 4230.105857 4080.669873 4080.669873 4282.873300 4722.074273 4929.680409 4606.459075 4633.622118 4595.393819 4456.073420 4195.873188 4230.105857 3931.669571 3931.669571 4556.553787 5098.930062 4858.213743 4487.821637 4784.536305 4785.958596 4571.033010 4253.354324 4622.079422 4434.709615 4434.709615 4720.931149 5057.049227 5060.526374 4903.136281 4856.866720 4716.370620 4294.945271 4506.206854 4689.879072 4505.429222 4505.429222 4736.297659 5097.908004 4749.049605 4733.556930 5054.798148 4674.906460 4472.775265 4665.430161 4740.430464 4369.539103 4369.539103 4377.715324 5254.784088 5045.052869 5032.407507 5315.508508 4909.231962 4287.751837 4616.740645 4699.180170 4322.839339 4322.839339 4664.919476 5039.143808 4808.042491 4935.458784 4892.017788 4855.644037 4598.876028 5008.279110 4661.756785 4530.621432 4530.621432 4715.976885 4781.603334 4682.221345 5337.194395 4958.174914 4632.519723 4449.244362 4816.422212 4845.928912 4519.879577 4519.879577 4560.910713 4521.982208 4504.504103 5079.633195 4820.173710 4485.607548 4716.258097 5256.593972 5217.799419 4677.132277 4677.132277 5098.490728 4745.424311 4817.144950 5396.330692 5254.848469 4999.467812 5327.091279 5557.139714 4761.516072 4730.330603 4730.330603 4868.195490 4777.585273 4698.242825 4977.053479 4775.248260 4764.235859 5170.061201 5170.473746 4605.687159 4080.669873 4080.669873 4282.873300 4722.074273 4929.680409 4606.459075 4633.622118 4595.393819 4456.073420 4195.873188 4230.105857 4080.669873 4080.669873 4282.873300 4722.074273 4929.680409 4606.459075 4633.622118 4595.393819 4456.073420 4195.873188 4230.105857 3931.669571 3931.669571 4556.553787 5098.930062 4858.213743 4487.821637 4784.536305 4785.958596 4571.033010 4253.354324 4622.079422 4434.709615 4434.709615 4720.931149 5057.049227 5060.526374 4903.136281 4856.866720 4716.370620 4294.945271 4506.206854 4689.879072 4505.429222 4505.429222 4736.297659 5097.908004 4749.049605 4733.556930 5054.798148 4674.906460 4472.775265 4665.430161 4740.430464 4369.539103 4369.539103 4377.715324 5254.784088 5045.052869 5032.407507 5315.508508 4909.231962 4287.751837 4616.740645 4699.180170 4322.839339 4322.839339 4664.919476 5039.143808 4808.042491 4935.458784 4892.017788 4855.644037 4598.876028 5008.279110 4661.756785 4530.621432 4530.621432 4715.976885 4781.603334 4682.221345 5337.194395 4958.174914 4632.519723 4449.244362 4816.422212 4845.928912 4519.879577 4519.879577 4560.910713 4521.982208 4504.504103 5079.633195 4820.173710 4485.607548 4716.258097 5256.593972 5217.799419 4677.132277 4677.132277 5098.490728 4745.424311 4817.144950 5396.330692 5254.848469 4999.467812 5327.091279 5557.139714 4761.516072 4730.330603 4730.330603 4868.195490 4777.585273 4698.242825 4977.053479 4775.248260 4764.235859 5170.061201 5170.473746 4605.687159 4028.311870 4028.311870 4292.940979 4867.557777 4872.058291 4467.077453 4733.493530 4730.488978 4298.994070 4369.146365 4215.725817 4028.311870 4028.311870 4292.940979 4867.557777 4872.058291 4467.077453 4733.493530 4730.488978 4298.994070 4369.146365 4215.725817 4123.419687 4123.419687 4600.350300 4914.236501 4783.464814 4480.767854 4661.596789 4903.465880 4793.539066 4233.849097 4566.943991 4521.887902 4521.887902 4664.109817 4964.797360 4993.931434 4851.510166 4970.967250 4848.990768 4608.483808 4606.589765 4669.634169 4331.160432 4331.160432 4829.910023 5406.215141 5129.320251 4739.141617 5056.258979 4792.593499 4459.684076 4764.822374 4631.963672 4587.653085 4587.653085 4436.562426 5002.988185 5289.641518 5218.582805 5354.141751 4980.295510 4585.395631 4569.554878 4873.659736 4430.424190 4430.424190 4696.948170 5081.454566 4590.427750 5112.810283 5189.995190 4696.261592 4731.532412 4969.247981 4492.266085 4343.881666 4343.881666 4671.334449 4951.683782 4763.375002 5051.982223 5187.509148 4680.417670 4436.484035 4948.913099 4706.338927 4710.301160 4710.301160 4661.309581 4478.008723 4710.525383 4921.645173 4887.070862 4659.456175 4523.408121 4928.583626 4754.074530 4518.302377 4518.302377 5049.823388 4688.029136 4817.826893 5252.675740 5148.406415 4832.995022 5329.425902 5217.194356 4803.039123 4646.162958 4646.162958 5033.814230 4777.265155 4830.829114 5169.380765 5129.880701 4795.578466 5196.523115 5230.041064 4554.476339 3996.332597 3996.332597 4394.394328 4703.560900 4949.525308 4531.409680 4738.908801 4573.646416 4512.095211 4142.718252 4536.275910 3996.332597 3996.332597 4394.394328 4703.560900 4949.525308 4531.409680 4738.908801 4573.646416 4512.095211 4142.718252 4536.275910 3919.887343 3919.887343 4601.794481 4992.927106 5010.573130 4398.039311 4640.278087 4831.529129 4718.513164 4444.602026 4656.410522 4426.441977 4426.441977 4689.299067 5202.960226 4957.514516 4769.908786 5058.779407 4878.003214 4641.904978 4694.975309 4571.848701 4445.063138 4445.063138 4708.007767 5110.556362 4824.783084 5033.327988 5137.136488 4870.782692 4769.703685 4606.139787 4832.173736 4412.099526 4412.099526 4812.321148 5131.379631 4958.835233 5008.899617 5453.997752 4961.440080 4773.329555 4638.147394 4698.983735 4514.121569 4514.121569 4742.598219 4933.940059 4738.897469 4944.108692 5508.136880 4827.013207 4462.598952 4877.464116 4534.436565 4280.795281 4280.795281 4636.178485 4742.248975 4702.524368 5025.062317 5030.105277 4905.080167 4457.731116 4671.615668 4688.167543 4600.897856 4600.897856 4731.275400 4560.242229 4664.997517 4896.958165 4873.601011 4687.813301 4963.062498 4806.082578 4907.992156 4734.081631 4734.081631 5232.021520 4771.183493 4986.556210 5264.113447 4908.867286 4973.195668 5620.261796 5355.339912 5015.947667 4775.133220 4775.133220 4880.984345 4841.503391 4685.725328 5216.934290 5116.945438 4902.373411 5047.113489 4848.970695 4589.677347 3999.342764 3999.342764 4638.463140 4768.134477 4902.386405 4401.335343 4772.685506 4714.044503 4439.279186 4197.476286 4249.881106 3999.342764 3999.342764 4638.463140 4768.134477 4902.386405 4401.335343 4772.685506 4714.044503 4439.279186 4197.476286 4249.881106 4230.467875 4230.467875 4561.961903 4766.417909 5073.483199 4601.242165 4902.989221 4618.445886 4815.291648 4434.376955 4656.343443 4417.010654 4417.010654 4817.586560 5093.141068 5126.188049 4637.895052 5191.949984 5028.423980 4731.827670 4482.620356 4795.954247 4555.895855 4555.895855 4811.361525 5140.472699 5001.001508 5022.013043 5086.538793 5147.327076 4725.436756 4636.278801 4679.670917 4586.745610 4586.745610 4879.034245 5061.999613 5013.208147 5143.415522 5294.933347 5076.829279 4592.880181 4679.392180 4690.538049 4527.620124 4527.620124 4945.951959 4912.159908 4777.116534 5274.774005 5374.441017 4799.965998 4746.872000 4811.860093 4769.713471 4266.391362 4266.391362 4623.885464 5015.690702 5059.296181 4989.178710 5473.174053 4615.568973 4470.770592 4761.454177 4572.437363 4926.866408 4926.866408 4671.985803 4643.413012 4391.130700 4791.476399 4748.156349 4711.681061 4989.759283 4842.666715 5057.321331 4949.282738 4949.282738 5078.463757 4990.489698 5021.709729 5263.835256 5108.756349 5023.885214 5333.448166 5549.117441 4740.669965 4523.664894 4523.664894 4750.378089 4857.598651 4766.416421 5063.158789 5233.797011 4846.677277 5075.067713 5004.422629 4652.528496 4044.172611 4044.172611 4540.412287 4634.873038 4924.585934 4489.186247 4734.616700 4837.185351 4484.588879 4419.627370 4393.167579 4044.172611 4044.172611 4540.412287 4634.873038 4924.585934 4489.186247 4734.616700 4837.185351 4484.588879 4419.627370 4393.167579 4146.561054 4146.561054 4692.129706 4921.882361 4939.459582 4424.389526 4826.699457 4796.607621 4904.652707 4453.121218 4733.189339 4382.448641 4382.448641 4781.551511 5141.011851 5317.481722 4855.166018 5275.522888 4899.499419 4529.123484 4572.648452 5037.070832 4375.117522 4375.117522 4744.404469 5421.395118 4938.899062 4878.273093 5374.316737 5018.176206 4857.214626 4721.098950 4783.443638 4495.278798 4495.278798 4565.956462 5266.733765 4969.552914 5324.952511 5619.965459 4941.336293 4618.026625 4793.050331 4625.800507 4513.869833 4513.869833 4945.284010 5116.039886 4574.075876 5195.194779 5136.037722 4803.964816 4615.018912 4906.762549 4702.290806 4419.224421 4419.224421 4759.681044 5073.275963 4855.264592 5355.901561 5408.707142 4687.552255 4453.252252 5002.435348 4765.080934 4824.977844 4824.977844 4619.676532 4508.319214 4659.920186 5220.305655 4834.443909 4859.804770 4765.611528 4986.377559 4975.117366 4576.756683 4576.756683 5216.519062 4807.139484 4644.918697 5246.920524 5066.900089 5084.891743 5250.713383 5509.980244 4667.005519 4737.638246 4737.638246 4801.333971 4765.005492 4901.194323 4876.135066 4946.843874 4812.295059 5158.131053 4960.229181 4591.988858 4080.544818 4080.544818 4355.327291 4710.694623 5065.774695 4637.226767 4859.348418 4797.176582 4449.286135 4450.190240 4550.725569 4080.544818 4080.544818 4355.327291 4710.694623 5065.774695 4637.226767 4859.348418 4797.176582 4449.286135 4450.190240 4550.725569 4006.076498 4006.076498 4764.101957 4867.666163 5005.413639 4376.497518 4870.815610 4683.854900 4870.233848 4573.915625 4895.481306 4355.333481 4355.333481 4662.107946 5202.411832 5050.739225 4746.202756 5189.756834 4866.398793 4850.260624 4754.419765 4958.881832 4411.772606 4411.772606 5022.985086 5227.584902 5067.756313 4728.631527 5316.013744 4860.600149 4808.704733 4671.743740 4546.339394 4319.841372 4319.841372 4606.406023 5349.260628 5052.082721 5066.059179 5385.901103 4854.175437 4751.963656 4727.609641 4871.119795 4390.201204 4390.201204 4815.616724 5098.863448 4991.236881 4950.696069 5404.543783 5008.664034 4645.262234 4787.187761 5021.428091 4526.382337 4526.382337 4637.157621 5057.642477 4827.773899 5382.111433 5308.011843 4772.611327 4655.211030 4813.236012 4618.589793 4597.359413 4597.359413 4846.727571 4606.802095 4700.837736 5228.411069 4787.863061 4672.880453 4766.730664 5106.825277 5147.164668 4524.450576 4524.450576 5018.559288 4758.055827 4796.288972 5019.119623 5060.231382 4846.539603 5238.864174 5353.253975 5136.834939 4693.857577 4693.857577 5046.959261 4868.605095 5021.952108 5107.087330 5011.331900 4940.287566 4938.058591 5076.993590 4775.442645 4067.260534 4067.260534 4406.238475 4570.811093 5030.833138 4470.641467 4647.179352 4585.895538 4559.653173 4426.570845 4392.431306 4067.260534 4067.260534 4406.238475 4570.811093 5030.833138 4470.641467 4647.179352 4585.895538 4559.653173 4426.570845 4392.431306 4083.033867 4083.033867 4644.888227 4923.000860 4984.728947 4447.700105 4870.389089 4519.512091 4816.006363 4533.626271 4809.835641 4336.328870 4336.328870 4758.281493 5272.272224 4935.185934 4699.263644 5196.197694 4758.065758 5048.003358 4576.607031 4874.056540 4459.999068 4459.999068 4966.571425 5292.781313 5290.251925 5135.797170 5082.763876 4990.499652 4821.992058 4509.554945 4823.506570 4273.231239 4273.231239 4792.116523 5058.856527 4961.822781 5120.434522 5369.202832 5038.273802 4825.026788 4700.562110 5003.884054 4572.602867 4572.602867 4800.034789 5313.940511 4718.150633 4855.893525 5027.176095 4854.013441 4660.138105 4756.447808 4792.000598 4591.378366 4591.378366 4448.965012 5046.087447 5026.679606 5381.793568 5400.975292 4670.104536 4831.671069 4724.492846 4605.073673 4512.732491 4512.732491 4827.013003 4746.915972 4565.609243 5121.744556 5109.957759 4838.335386 4599.510231 4794.276961 4924.723285 4711.265194 4711.265194 5199.160106 4850.396465 5134.224356 5184.766697 4772.192723 4727.852415 5254.660084 5339.157484 5014.018173 4663.806260 4663.806260 4914.310434 4914.226807 4858.391945 5331.531431 4969.283251 5200.903930 5123.037325 4833.219492 4851.409975 4205.355836 4205.355836 4419.356523 4568.436117 4951.819158 4468.819415 4775.415305 4641.961253 4536.527434 4672.477518 4492.315774 4205.355836 4205.355836 4419.356523 4568.436117 4951.819158 4468.819415 4775.415305 4641.961253 4536.527434 4672.477518 4492.315774 4263.169023 4263.169023 4552.570860 4962.649869 4937.512265 4552.748563 4883.721978 4713.366905 4868.949675 4483.805057 4501.192836 4230.895176 4230.895176 4765.501207 5216.011439 5024.542798 4665.167290 5136.978931 5115.604039 4714.888779 4591.308899 4876.159254 4495.492856 4495.492856 4826.798049 5329.691019 5198.507670 5007.047327 5291.896807 5077.765358 4755.298607 4738.770907 4623.523565 4474.205586 4474.205586 4850.532556 5133.593231 5150.768739 5077.183527 5127.356312 4916.697548 4718.199127 4988.088653 4904.596268 4468.654036 4468.654036 4856.486523 5253.107647 4698.336419 5105.863384 5303.359562 5002.552194 4831.306613 5060.643052 4884.620829 4663.760845 4663.760845 4670.381458 5087.903011 4971.345382 5376.616061 5175.929587 4952.959441 4672.268038 4729.459292 4807.993474 4554.167941 4554.167941 4865.601959 4703.503421 4536.920880 5130.334213 4975.223638 4666.076437 4777.589085 4928.355956 4846.243545 4799.312564 4799.312564 5028.229828 4816.201365 4805.176572 5316.652788 4887.750257 4836.973601 4811.157036 5251.355280 5025.270451 4610.484742 4610.484742 4828.190674 5037.450084 4894.864950 5241.435003 4972.082573 4771.867296 5068.239799 4886.722420 4594.005454 4033.389739 4033.389739 4498.808796 4768.697750 5072.605061 4463.912026 4570.271426 4859.098570 4608.004232 4650.412960 4488.637417 4033.389739 4033.389739 4498.808796 4768.697750 5072.605061 4463.912026 4570.271426 4859.098570 4608.004232 4650.412960 4488.637417 4198.127282 4198.127282 4664.563411 4992.340413 5057.586368 4646.168799 4741.424623 4916.211946 4695.959969 4422.829583 4727.343905 4501.337166 4501.337166 4609.172515 5063.708943 5109.986176 4848.437118 5032.335297 4969.287857 4770.108953 4608.914448 4964.872566 4468.215196 4468.215196 4917.022110 5267.985200 4884.123627 4737.585332 5142.916712 5004.018395 4597.748915 4864.065631 4644.240950 4490.212187 4490.212187 4636.572461 5355.100407 5090.366060 5024.191391 5326.365193 5243.004441 4640.233890 4731.018879 4996.027241 4620.310415 4620.310415 4685.736696 5135.736544 4786.107467 5482.155977 5207.240473 4764.902951 4824.871266 5202.021493 4965.011081 4452.751445 4452.751445 4875.187694 4933.664269 4865.541728 5348.935421 5520.924458 5371.666539 4474.881377 4797.980656 4565.212719 4471.097674 4471.097674 4742.534206 4800.367634 4912.090227 5393.016112 4843.427426 4825.498107 4707.416164 5038.256390 4806.237322 4945.944391 4945.944391 4817.796262 4625.620391 4937.312939 5330.546844 4893.125368 4821.879799 5037.583516 5212.730455 5078.226184 4713.254029 4713.254029 4852.634598 4987.355130 4891.648674 5209.269310 4868.704472 4825.326400 5183.695809 5072.331674 4808.718329 3963.500231 3963.500231 4568.937733 4875.163281 4983.433185 4506.130260 4685.635472 4704.711989 4611.424126 4507.120675 4518.561458 3963.500231 3963.500231 4568.937733 4875.163281 4983.433185 4506.130260 4685.635472 4704.711989 4611.424126 4507.120675 4518.561458 4145.360097 4145.360097 4706.456683 4929.854408 4854.834007 4735.350162 4821.988914 4953.463798 4827.061546 4482.151625 4549.370678 4560.516587 4560.516587 4562.043663 4992.985773 5190.608171 5266.245982 5029.304740 5006.733039 4910.331975 4789.184082 4787.375312 4302.999156 4302.999156 4898.987897 5014.984153 4975.823974 4879.481437 4993.260305 5049.515255 4648.812529 4740.738209 4611.508559 4403.578397 4403.578397 4715.511585 5084.692978 4844.269839 5078.394770 5493.950797 5063.903400 4793.436389 4593.458012 4813.516988 4564.116851 4564.116851 4755.136299 5063.991536 4937.039789 5157.189192 5210.736644 4977.495453 4862.517258 5073.425734 4920.604720 4502.481206 4502.481206 4970.499034 5082.117731 4951.121936 5276.370442 5494.457583 4918.808817 4708.072022 4898.892975 4639.136431 4499.743527 4499.743527 4848.788025 4780.343999 4662.523807 5385.161992 4953.940821 4822.338684 4600.399934 4867.742327 4738.133749 5051.066992 5051.066992 5059.628468 4777.474919 4884.005786 5025.993849 5244.928461 4785.499713 5008.500952 5153.708899 5210.129151 4954.501346 4954.501346 4861.533827 4662.855143 4987.026368 5455.235517 5042.215669 4982.142031 5137.970277 4922.870802 4836.042246 3892.638711 3892.638711 4506.545724 4857.924069 5074.903551 4406.482656 4984.777753 4947.040188 4704.029895 4597.697616 4559.550876 3892.638711 3892.638711 4506.545724 4857.924069 5074.903551 4406.482656 4984.777753 4947.040188 4704.029895 4597.697616 4559.550876 4255.455967 4255.455967 4606.167433 4947.452635 4793.089927 4875.870756 4777.486736 4955.891510 4731.760001 4389.661068 4484.433703 4270.676350 4270.676350 4787.090181 5277.039483 5220.387443 5054.080364 5141.864183 5081.066346 4932.797731 4714.630899 4758.762734 4311.177060 4311.177060 4881.926563 5111.063405 5209.730389 5174.763966 4875.707094 4962.720740 4542.598313 4738.488535 4831.939927 4442.844918 4442.844918 4627.887874 5220.702316 5273.933787 5265.138461 5494.984853 5083.898461 4686.820204 4591.006042 4775.367347 4830.874475 4830.874475 4998.116435 5243.730121 4697.953396 5235.931412 5399.821230 4950.004187 4953.592233 4968.758632 4912.624152 4641.470418 4641.470418 5034.965122 4834.621943 5161.674971 5268.265875 5169.406055 4882.470290 4762.886063 4882.125564 4594.379586 4474.173647 4474.173647 4768.324147 4569.883640 4822.135009 4999.370356 5136.067150 4643.367457 4775.501436 4833.528887 5030.272304 4912.029637 4912.029637 5309.237835 4913.044784 4799.808638 5179.555724 4933.400875 4800.930673 5329.779117 5193.599114 5129.839859 4758.169719 4758.169719 5071.455930 4841.652636 4978.032586 5202.440195 5214.491800 4770.026778 4942.052418 4990.588906 4877.235570 3993.576398 3993.576398 4551.585146 4811.507542 5002.769619 4333.605218 4968.831967 4671.061460 4713.203654 4531.192537 4490.606021 3993.576398 3993.576398 4551.585146 4811.507542 5002.769619 4333.605218 4968.831967 4671.061460 4713.203654 4531.192537 4490.606021 4274.897445 4274.897445 4603.814943 4946.309558 5063.551806 4955.793769 4894.413974 4822.464504 4955.258877 4589.232417 4586.287737 4405.945945 4405.945945 4520.019188 5185.553777 5253.190587 5031.709670 5159.106837 5184.072725 4671.453527 4676.393514 4909.150463 4620.634478 4620.634478 4937.545974 5177.710894 5053.492089 5249.693842 5494.057727 5166.156362 4652.700278 4746.405834 5012.904046 4318.730061 4318.730061 4717.743227 5349.727333 5560.329021 5053.951266 5428.915791 5299.780459 4632.965432 4690.044132 4991.497268 4769.063550 4769.063550 5097.900806 5185.267355 4920.966207 5310.207051 5520.345981 4980.875501 4796.349164 4824.749502 4739.461853 4509.221416 4509.221416 5005.888341 5057.669511 5148.895050 5287.099431 5386.565334 5321.679060 4997.336230 4713.788183 4738.290569 4570.621331 4570.621331 4819.145535 4764.100082 4681.498107 5275.825727 5344.382243 4727.682224 4639.594204 4773.507352 4847.252417 4720.017549 4720.017549 5219.577516 5034.074204 4797.674752 5183.766363 4770.105982 4851.249575 5040.642910 5131.282058 5066.898326 4628.116305 4628.116305 4748.183376 4877.220435 4990.471141 5489.150378 5198.297829 4917.721190 5268.110229 5025.740126 4968.688885 3838.979918 3838.979918 4596.676290 4680.281703 5119.618809 4502.628186 5061.220840 4800.906781 4924.273970 4395.936098 4465.629409 3838.979918 3838.979918 4596.676290 4680.281703 5119.618809 4502.628186 5061.220840 4800.906781 4924.273970 4395.936098 4465.629409 4106.874229 4106.874229 4501.618998 5059.688307 4938.758595 4866.648772 4928.341990 4923.447798 4757.723384 4698.447572 4682.878528 4637.050382 4637.050382 4574.403094 5410.539226 5280.949677 4881.548219 5129.185085 5173.195711 4929.013521 4649.309551 4911.239543 4502.381166 4502.381166 4915.486951 5357.104695 5057.112785 5218.191753 5320.222269 5254.305590 4682.238193 4938.434235 4786.305673 4490.741951 4490.741951 4856.315459 5423.399884 5346.917851 5121.800222 5563.856114 5467.616754 5058.191190 4963.524210 5013.800866 4659.000834 4659.000834 4903.095352 5268.225770 4747.001732 5457.337095 5567.718604 5036.465591 4878.237550 5066.693895 4890.437816 4592.510651 4592.510651 4938.691598 4944.302095 5410.346375 5434.526592 5481.464666 5075.314707 4727.784305 4739.675792 4545.929481 4705.545292 4705.545292 4678.536339 5001.833658 4706.039486 5354.211495 5216.503817 4848.163430 4599.673444 4736.515665 4586.374185 4702.728144 4702.728144 5219.865706 4772.730981 4793.713886 5045.607744 4932.333680 4601.362352 4835.270964 5198.684178 5154.317066 4602.615810 4602.615810 4830.345980 4719.454019 5203.653314 5281.865680 4936.520957 5294.290379 5234.835829 4824.528617 5216.469600 4017.131717 4017.131717 4728.952427 4731.140867 4900.781434 4721.340152 4733.329102 4951.818548 4667.105383 4510.817756 4488.350398 4017.131717 4017.131717 4728.952427 4731.140867 4900.781434 4721.340152 4733.329102 4951.818548 4667.105383 4510.817756 4488.350398 4157.061299 4157.061299 4570.148105 5072.299747 5035.671822 4882.965011 5100.200425 5055.260288 4747.099402 4444.890219 4416.231444 4637.430462 4637.430462 4609.118481 5064.681566 5178.873656 4993.260157 5080.854262 5187.460216 4859.020083 4669.370669 4957.617316 4549.262701 4549.262701 4891.205933 5146.953853 5414.021935 5243.733471 5240.872086 5066.848666 4563.922340 4830.122955 4576.488058 4510.375201 4510.375201 4886.110719 5489.612251 5360.145779 5117.931048 5283.879089 5256.056417 5101.201537 4611.777842 4863.947983 4659.204347 4659.204347 4956.521089 4928.942797 5159.208244 5415.968696 5345.313380 5090.359779 4775.547309 4990.670875 4776.246585 4481.384551 4481.384551 5094.448211 4778.043036 5214.136823 5591.803733 5349.132298 5138.510113 4713.826877 4790.869717 4726.419473 4904.985548 4904.985548 4609.480376 5109.476458 4774.586430 5102.723274 5148.371107 4882.172704 4791.206272 4731.493930 4758.298210 5070.610477 5070.610477 5130.230629 4745.920917 4839.993082 4828.739975 5071.678580 4816.146221 4817.698482 5152.385450 5033.103392 4533.479829 4533.479829 4984.957941 4687.787231 5176.436179 5260.179486 4926.975845 5125.538119 5050.934584 5293.884252 5202.863336 4030.102528 4030.102528 4622.265509 4900.288927 4950.434323 4748.652720 4913.928891 4697.984492 4579.567628 4396.191275 4296.744003 4030.102528 4030.102528 4622.265509 4900.288927 4950.434323 4748.652720 4913.928891 4697.984492 4579.567628 4396.191275 4296.744003 4380.610287 4380.610287 4672.868225 4958.821529 4990.506209 4964.199910 5026.603531 5236.869724 4740.218093 4487.487678 4600.070293 4499.137558 4499.137558 4741.314531 5048.925940 5102.949750 4767.636926 5087.572190 5069.226128 4864.265533 4647.190665 4729.439826 4638.941740 4638.941740 4989.787236 5424.407083 5243.316706 5202.727438 5590.732576 5198.615183 4575.870565 4912.568134 4821.177603 4535.003175 4535.003175 4929.349880 5279.366269 5212.766461 4949.276767 5007.859713 5120.586472 4777.813662 4678.207354 4922.534010 4742.484076 4742.484076 5142.729603 5047.131247 4930.915562 5185.863286 5111.525107 5050.591707 4835.832641 4680.719443 4677.578738 4599.243798 4599.243798 4903.697083 4864.039032 4866.707064 5459.342408 5557.928540 5054.628038 4638.379897 4799.226798 4757.308320 4755.351809 4755.351809 4945.970888 5040.315997 4847.368584 4978.771892 4999.360918 4779.800850 4959.965053 4810.635989 4733.279562 4828.219255 4828.219255 5069.884541 4554.970800 4813.491392 5162.705610 4910.932725 4767.954815 4938.395870 5106.528438 5019.407073 4799.250350 4799.250350 4921.718940 4970.442972 4959.380651 5131.203685 4885.067986 4796.347291 5191.328472 5091.263249 4992.717670 4062.865395 4062.865395 4488.783404 4860.352143 4872.840702 4616.424113 4620.274323 4698.955043 4741.255318 4423.454701 4207.932317 4062.865395 4062.865395 4488.783404 4860.352143 4872.840702 4616.424113 4620.274323 4698.955043 4741.255318 4423.454701 4207.932317 4239.018889 4239.018889 4569.613383 5020.682427 4762.197381 4868.460284 4990.134211 4991.751063 4647.932477 4497.151065 4451.880247 4473.028273 4473.028273 4777.909105 5301.918494 5434.441561 4924.376362 5248.692248 5098.763627 4821.764250 4510.663690 4746.951505 4507.927475 4507.927475 5049.018668 5282.630948 4939.707047 5159.109223 5474.105269 5177.091069 4765.809254 4900.592766 4534.976505 4323.551640 4323.551640 4844.466740 5353.166373 5390.822265 5246.649321 5333.287625 5019.134061 5034.460526 4586.112507 4778.401335 4769.459127 4769.459127 5318.350822 4941.015938 4944.115325 5511.328384 5237.149964 5002.458757 4677.253416 4857.014790 4761.261017 4650.960667 4650.960667 4796.832029 4785.990675 5195.235054 5664.695697 5384.067423 4916.852180 4671.582294 4908.356594 4780.977654 4292.022662 4292.022662 5107.169569 4845.605807 5087.244737 5101.988727 5015.723314 4828.582644 4892.751312 4623.399232 4548.966601 5078.633201 5078.633201 4981.173258 4535.442811 4759.742531 5049.174791 4911.886448 4787.400565 4917.642588 5175.442577 5156.687648 4734.736333 4734.736333 5289.004582 4795.512375 4860.851002 5116.225765 4817.081599 4980.956006 5254.853263 4953.369617 4843.430091 4188.506469 4188.506469 4486.419312 4835.129177 4891.203809 4369.549852 4813.970856 4997.517034 4750.396557 4461.421690 4396.188983 4188.506469 4188.506469 4486.419312 4835.129177 4891.203809 4369.549852 4813.970856 4997.517034 4750.396557 4461.421690 4396.188983 4133.200788 4133.200788 4558.221073 4979.655286 4890.847045 4899.432292 4850.687940 5020.743641 4832.756656 4541.488520 4643.768684 4520.231707 4520.231707 4914.567476 5120.943367 5481.708795 5043.177672 5091.854603 5172.057145 4656.150654 4625.130629 4764.601075 4306.720250 4306.720250 4981.499997 5205.692415 5077.037717 4979.752312 5276.156389 5042.279805 5005.397970 4880.040722 4847.297063 4517.235068 4517.235068 5000.972020 5346.047704 5201.734497 5044.045379 5337.626900 5122.175007 4857.896296 4940.784501 4726.494018 4712.800399 4712.800399 4898.047804 5068.523133 4896.539836 5356.784105 5403.888532 5155.274595 4793.267909 4876.398879 4718.662188 4732.216494 4732.216494 4911.177867 4746.444360 5002.034029 5706.382941 5320.546320 5012.755713 4964.082177 4872.379409 4741.910439 4656.511939 4656.511939 4964.966138 4745.818564 4826.337165 5346.102743 5077.295252 4621.171645 4800.277240 4841.506181 4722.009350 5068.404670 5068.404670 4939.743163 4546.882297 4935.440299 4895.374643 4649.336683 4522.985104 4743.753206 5035.857761 4843.500905 4940.970668 4940.970668 5202.376127 4972.335418 4716.071672 5188.170281 4961.818030 5135.705704 5074.428712 5080.571106 4864.206353 4227.488260 4227.488260 4727.855190 4808.140137 4996.849965 4539.194873 4700.538547 4746.146480 4655.430575 4321.247185 4288.929117 4227.488260 4227.488260 4727.855190 4808.140137 4996.849965 4539.194873 4700.538547 4746.146480 4655.430575 4321.247185 4288.929117 4354.251627 4354.251627 4761.428022 4800.308721 5121.870617 4755.635820 4923.441777 5111.904722 4743.783126 4488.029915 4449.190363 4404.777953 4404.777953 4859.599838 5233.262622 5142.578837 5096.926186 5167.209679 5145.357111 4696.595157 4823.061242 4759.847424 4477.678639 4477.678639 4835.439279 5023.807134 4917.043501 5088.311549 5406.478589 5061.810868 4651.176342 4891.476117 4754.066634 4631.577000 4631.577000 5023.729007 5195.019505 5022.230137 5348.930852 5462.457422 5393.309253 4940.908776 4847.718748 4581.459606 4739.083496 4739.083496 5007.867822 5374.858934 4939.147868 5389.435118 5147.920780 4890.602379 4600.464445 5012.489447 4734.698062 4569.280280 4569.280280 4963.095373 5124.169395 4987.792938 5613.391486 5179.179098 4987.810989 4917.104768 4858.592395 4721.112344 4871.364070 4871.364070 4998.472055 4826.103659 4847.452728 5391.487516 5235.329303 4878.132717 4913.829105 5108.250970 4902.979788 5058.976400 5058.976400 5052.514765 4779.781831 4853.047845 4910.211794 4943.255081 4516.893031 4801.379164 4834.756192 4941.675561 5023.939094 5023.939094 4775.287816 4884.868630 4979.408689 5173.033758 5216.771498 5101.524882 5102.075603 5207.311979 4760.444465 4251.015082 4251.015082 4866.474496 4774.745901 5057.126497 4434.821956 4801.178010 4803.453755 4615.724045 4527.837375 4484.008899 4251.015082 4251.015082 4866.474496 4774.745901 5057.126497 4434.821956 4801.178010 4803.453755 4615.724045 4527.837375 4484.008899 4168.924321 4168.924321 4938.923430 5138.470515 5056.380014 4916.243179 5192.610966 4794.409104 4914.323659 4592.228816 4510.548240 4555.869386 4555.869386 4904.088775 5223.576434 5169.101009 4988.474594 5166.697703 5136.976689 4921.306284 4789.073767 4668.088225 4684.762165 4684.762165 5066.584836 5053.924817 4901.378623 5309.219556 5492.712109 5180.387543 4554.464419 4925.208697 4619.195555 4677.520765 4677.520765 5161.391042 5550.089830 5048.753984 5324.181796 5639.038635 5206.745609 4796.009976 4899.782291 4703.881490 4888.222041 4888.222041 5175.881649 5334.495024 5255.622256 5540.568231 5498.797501 4937.610676 4797.432168 4976.272235 4437.893554 4594.135859 4594.135859 4855.183213 5006.888863 5084.463202 5305.445707 5268.620444 5039.117112 4803.457414 4806.276303 4886.126921 4780.654641 4780.654641 4876.650220 5010.864892 4831.125362 5349.521213 5320.163751 5099.845860 5016.320418 4779.975505 4682.762227 5052.537508 5052.537508 5181.957746 4762.472571 4616.357587 4939.036552 4874.882101 4516.266295 5033.469345 5001.141005 5102.769157 4836.410552 4836.410552 5017.939263 4888.694467 4929.714254 5030.273145 5305.891348 5178.066674 5375.689818 5154.870746 4756.410929 4253.155706 4253.155706 4910.940189 4870.412740 4750.723745 4487.994269 4786.782678 4936.856899 4655.453073 4542.863382 4397.199065 4253.155706 4253.155706 4910.940189 4870.412740 4750.723745 4487.994269 4786.782678 4936.856899 4655.453073 4542.863382 4397.199065 4340.868437 4340.868437 4882.841337 5133.371652 5282.290876 4933.992655 5121.104992 4826.226241 4939.080248 4650.641586 4703.295096 4631.608615 4631.608615 4794.032281 5201.917331 4912.944451 4908.527704 5092.468329 5249.688125 4893.938406 4497.944129 4667.860914 4707.037952 4707.037952 4848.307307 5262.149149 5010.104685 5385.533077 5664.105589 5234.143321 4690.606143 4835.270198 4802.723849 4540.233731 4540.233731 5247.344097 5475.439533 4943.074068 5040.380835 5328.312896 4916.434877 4945.742821 4782.613633 4784.400185 5029.682609 5029.682609 5138.201639 4853.559286 5109.920325 5655.317596 5537.797098 4914.238440 4917.151901 4943.458452 4581.858666 4882.862323 4882.862323 5030.292257 4915.258165 5136.327909 5612.517382 5214.648855 5091.241553 4777.901403 4878.228823 4718.760460 4969.497228 4969.497228 5041.331024 4850.286861 5107.888340 5462.273109 5239.931631 5070.513596 4792.194465 5003.679968 4623.726312 5081.799626 5081.799626 4996.503814 4753.791364 4896.779391 4953.953781 4910.105408 4800.325426 4934.667006 4937.230001 5044.110335 5002.619479 5002.619479 5084.917145 4908.508071 4921.883005 5088.890118 4991.459492 5064.069302 5463.269453 5084.074710 4724.854721 4420.094803 4420.094803 4876.581190 4871.454262 5012.042032 4545.380294 4683.835794 5064.533583 4646.802288 4441.894939 4259.770557 4420.094803 4420.094803 4876.581190 4871.454262 5012.042032 4545.380294 4683.835794 5064.533583 4646.802288 4441.894939 4259.770557 4604.910851 4604.910851 4788.161987 5075.612278 5165.269175 5031.437635 5105.734443 5041.614626 5016.995173 4608.945386 4713.514481 4713.331854 4713.331854 4937.995475 5473.415299 4864.215756 5095.178552 5183.103359 5151.384169 4707.141022 4561.032455 4755.207004 4805.251356 4805.251356 5097.656927 5403.017625 4956.262667 5042.439422 5282.948768 5150.346658 4732.685874 4686.820559 4632.372257 4876.831423 4876.831423 5043.435760 5575.198620 5112.198202 5278.744528 5315.274662 5052.564526 5002.701426 4713.035682 4784.880499 5156.000281 5156.000281 4954.562851 5135.999499 4889.778249 5548.839221 5498.326284 4799.166386 5093.536624 4922.061557 4774.247947 4784.594960 4784.594960 4872.149591 5187.524964 5098.600420 5762.416978 5247.539943 5097.302552 5044.940636 5060.090834 4490.720984 4861.131403 4861.131403 4996.557590 4971.345038 4987.367512 5342.358505 5026.268773 4916.424159 4970.614552 5075.987027 4792.548064 5152.656713 5152.656713 4861.470047 4542.075224 4611.781233 5025.472385 5150.884874 4715.740250 4873.414857 4843.496671 5132.991455 4951.567709 4951.567709 4906.170058 4847.114023 4820.758431 5179.343273 4962.811090 4970.753143 5430.654921 5215.101517 4712.995119 4588.685595 4588.685595 4764.857291 4722.495287 5058.429680 4714.650525 4829.676576 4853.138981 4489.757540 4397.007349 4363.765600 4588.685595 4588.685595 4764.857291 4722.495287 5058.429680 4714.650525 4829.676576 4853.138981 4489.757540 4397.007349 4363.765600 4810.157216 4810.157216 4854.338065 5179.774988 5155.096539 4788.474786 4954.448344 5093.438025 4916.286794 4642.805209 4531.424921 4934.630774 4934.630774 5079.987207 5150.194933 5031.668182 5019.498588 5353.721558 5248.745322 4904.827117 4910.542656 4963.159029 4981.466913 4981.466913 4995.964730 5082.624399 5123.332077 5028.609445 5364.371321 5030.742342 4614.654898 4850.325499 4694.495454 5155.071770 5155.071770 5222.734633 5331.024676 5331.898297 5274.199392 5305.294419 5028.796719 5113.738368 4893.173087 4844.389968 5012.106762 5012.106762 4884.306945 5001.509039 5143.959509 5520.472854 5474.312664 4886.663557 5142.605859 4730.351436 4874.863545 5133.014893 5133.014893 4850.081176 5114.877690 5295.187038 5549.911042 5170.079063 5016.753956 4770.453781 4673.274337 4644.570696 4848.064882 4848.064882 4763.579387 4728.877628 5121.322820 5337.242287 5222.646213 5089.229699 4945.179282 5107.086352 4716.126034 5216.406710 5216.406710 4908.473265 4595.192249 4567.290662 5064.834779 4857.174665 4687.725404 5015.742988 4790.617070 5078.172789 5144.211650 5144.211650 5101.062341 4799.045054 4773.356244 5219.315406 5059.287432 5124.759796 5278.478542 5037.796832 4673.454702 4724.130794 4724.130794 4651.473836 4725.875033 4828.740270 4562.705128 4828.588826 4935.687267 4654.139537 4546.375629 4445.727544 4724.130794 4724.130794 4651.473836 4725.875033 4828.740270 4562.705128 4828.588826 4935.687267 4654.139537 4546.375629 4445.727544 4701.207576 4701.207576 5247.583503 5257.912007 5081.974042 4990.793954 5616.005174 4905.030116 4842.316108 4685.792152 4429.255788 4850.051260 4850.051260 4944.866502 5231.059139 4982.095761 5142.609461 5024.986604 5042.871032 4833.301880 4642.229447 4513.598319 4940.286670 4940.286670 5041.984618 5087.079693 5086.658392 4947.447564 5429.073258 5186.399704 4938.202675 5015.086746 4899.562139 4843.902347 4843.902347 5379.581173 5226.652016 5228.962735 5684.375912 5651.492653 5177.454882 4934.300044 4807.676020 4740.873742 5091.375642 5091.375642 5075.271492 4926.535742 5327.550873 5388.808931 5441.773485 4860.710973 4984.151799 4913.582087 4779.356757 5092.631224 5092.631224 5145.700625 5067.646558 4865.345812 5258.449820 5537.857193 5383.922243 4732.983293 4894.550725 4687.782451 5004.611540 5004.611540 5113.347373 4838.442336 5191.105275 5251.773061 5222.053541 4997.810529 4983.582241 4986.723859 4570.873596 5045.973635 5045.973635 4953.784283 4676.128910 4720.735108 5131.861677 4715.260190 4894.159047 4814.152827 4967.956551 5084.668330 4939.542156 4939.542156 4935.830611 4829.948972 4924.274982 4996.734719 4889.865599 5392.516685 5283.809525 4954.333635 4755.682376 4599.592180 4599.592180 4655.933677 4724.732218 5062.732759 4560.209916 4677.487265 4952.403517 4710.632138 4388.551353 4470.930205 4599.592180 4599.592180 4655.933677 4724.732218 5062.732759 4560.209916 4677.487265 4952.403517 4710.632138 4388.551353 4470.930205 5008.219166 5008.219166 5047.502825 4990.860421 5266.278927 5257.171830 5473.904253 4963.935311 4924.090973 4650.772609 4502.062171 4856.388158 4856.388158 5163.907653 5118.048148 5266.694799 5266.897649 5328.154839 5111.164252 4859.606225 4894.802584 4618.792434 5088.706722 5088.706722 5055.645907 4910.965011 5159.642709 5219.807709 5341.421225 5057.354844 4759.067767 4747.248473 4799.593604 4921.649569 4921.649569 5122.770193 5422.408475 4947.118537 5595.355928 5484.247798 5126.061102 4859.592804 5114.379808 4642.336486 4883.492354 4883.492354 5227.401538 5000.226297 5067.599199 5536.328312 5426.924980 5108.368177 4982.920717 4839.363522 4737.018763 5075.736554 5075.736554 5324.937698 4868.302249 5041.613993 5351.270253 5587.120556 5260.513101 4865.881137 5092.587828 4783.919358 4780.192366 4780.192366 5158.935227 4687.124880 4984.605285 5258.469267 5384.075522 4862.023634 5095.160014 4848.167901 4448.838017 5283.402463 5283.402463 4927.152025 4643.205988 4816.780700 5224.357815 4882.289195 5080.570718 4926.515523 5024.160534 4755.473838 4874.563524 4874.563524 4854.514116 4743.304825 4814.110844 4814.995137 4964.384824 5092.445614 4924.968784 4947.397584 4708.123146 4611.549804 4611.549804 4838.032112 5027.518358 5079.548580 4647.006643 4555.687516 4709.420720 4523.408006 4446.066079 4408.390985 4611.549804 4611.549804 4838.032112 5027.518358 5079.548580 4647.006643 4555.687516 4709.420720 4523.408006 4446.066079 4408.390985 4957.843274 4957.843274 5092.452448 5049.265950 5492.037220 4915.739256 5185.057497 5217.976928 4708.909819 4718.089447 4545.741386 4853.782484 4853.782484 5211.903028 4950.859957 5199.817463 5312.683018 5269.542498 5096.196819 4901.244462 4615.783816 4444.330626 4972.680509 4972.680509 4967.744919 5275.383355 5326.594008 5294.062298 5289.107160 5284.018819 4737.231144 5077.329116 4873.686026 5005.355807 5005.355807 5230.801369 5234.441275 5001.363828 5258.567734 5469.197415 5071.636508 4850.802251 4800.369222 4618.143250 5038.662932 5038.662932 5228.624839 5063.479943 5040.171152 5181.936772 5554.785364 5366.886623 4969.122231 4809.929184 4785.622887 5082.197159 5082.197159 5045.584165 4926.446228 5543.332172 5711.229817 5527.551161 5297.316296 4930.719662 4932.117262 4705.137133 4972.439687 4972.439687 5019.991181 4903.231493 5032.041477 5097.558872 5323.073187 4952.427972 5183.462093 5091.175175 4405.707726 5250.781591 5250.781591 5008.279527 4652.334024 4748.568229 5109.715405 5078.344272 5293.877607 4877.487888 4853.949505 4657.245397 4745.342166 4745.342166 5026.487223 4588.119445 4885.934798 4820.905484 5136.467934 4836.992423 4910.438112 5069.505546 4800.971463 4678.659278 4678.659278 4759.085886 5050.067664 4943.827925 4685.781255 4714.780149 4865.704346 4469.339979 4515.397643 4267.612619 4678.659278 4678.659278 4759.085886 5050.067664 4943.827925 4685.781255 4714.780149 4865.704346 4469.339979 4515.397643 4267.612619 4936.405000 4936.405000 4942.605089 4930.973909 5287.625403 5059.234816 5082.702542 4808.325038 4665.851703 4631.949158 4319.059053 5105.188981 5105.188981 5332.088554 5149.476833 5003.294878 5166.931241 5190.844342 5263.183400 4906.962398 4778.038024 4681.606346 4923.191687 4923.191687 5060.809908 5441.416136 5277.610025 5294.011093 5390.188102 5263.236060 4656.365952 4925.697182 4790.136748 5119.281203 5119.281203 5369.615722 5304.590786 5148.637872 5621.775130 5622.662663 5198.151994 4772.039803 4814.668413 4554.451390 4968.078619 4968.078619 5201.406076 5210.661035 5132.582057 5408.589253 5559.661227 5099.043821 4859.353481 4851.962888 4778.833372 5139.588683 5139.588683 5022.013568 5037.385790 5186.293925 5653.689287 5835.780672 5099.769937 4973.180009 4966.649035 4668.872961 5018.620753 5018.620753 5381.123290 5058.504812 4991.471700 5446.163759 5310.563286 5290.913490 4870.125345 4833.655872 4556.619491 5112.617002 5112.617002 5117.959999 4537.682081 4955.236321 4767.936409 5169.210708 5067.214630 4904.649518 4732.637952 4641.949918 5098.280867 5098.280867 5276.889328 4730.760132 4855.998831 4875.161399 4988.467363 4989.379690 4981.570791 5168.648749 4627.261445 4700.692068 4700.692068 4748.222022 5013.492788 4982.533748 4791.355852 4668.559129 4702.258635 4417.183888 4424.768330 4216.273222 4700.692068 4700.692068 4748.222022 5013.492788 4982.533748 4791.355852 4668.559129 4702.258635 4417.183888 4424.768330 4216.273222 4981.790182 4981.790182 5148.789200 5088.912095 4959.703202 5132.916049 5163.871858 4921.266962 4749.396768 4583.857194 4680.157616 4957.480210 4957.480210 5225.373441 5228.915663 5003.392753 5255.147406 5122.026503 4978.039273 4978.342682 4985.132247 4572.917910 4965.751771 4965.751771 4990.168364 5473.371025 5445.640306 5452.285381 5562.159144 5170.524023 4925.622665 4844.685224 4714.896508 4809.130976 4809.130976 5354.881262 5380.307015 5232.651555 5338.028291 5430.382904 5242.444592 4866.523633 4871.268653 4528.088950 5215.446416 5215.446416 5178.852797 5509.466068 5318.676134 5828.167081 5622.593911 5318.660551 4978.609315 4651.273959 4621.245983 4819.709557 4819.709557 5293.833499 5263.214715 5166.497133 5410.115530 5511.831128 5131.123337 5026.740876 4839.045906 4622.129236 4990.496804 4990.496804 5340.658648 4919.229370 4950.959066 5239.175730 5046.140718 5217.374602 4941.738291 4804.305526 4745.015198 4841.601501 4841.601501 4973.239306 4545.504148 5123.002475 4784.956712 5082.335001 5089.798668 4632.234783 4843.900445 4700.111548 5111.482223 5111.482223 5323.261025 4558.795337 4979.424096 4914.591632 5029.200450 5032.290945 4710.135613 4804.782548 4632.743722 4761.497826 4761.497826 4954.870460 4959.769809 4776.409391 4769.384380 4644.859407 4616.884695 4593.944081 4487.691988 4367.240505 4761.497826 4761.497826 4954.870460 4959.769809 4776.409391 4769.384380 4644.859407 4616.884695 4593.944081 4487.691988 4367.240505 4953.844059 4953.844059 4998.589180 5100.783049 5169.022897 5022.147914 5160.633150 5115.466871 4794.474252 4633.675248 4510.178498 4864.893133 4864.893133 4991.237927 5303.696526 5192.158970 5124.539875 5035.534318 4973.537287 4916.116570 4454.499699 4466.746496 5012.839748 5012.839748 5391.476879 5306.708791 5455.677969 5475.091626 5317.113398 4899.605363 4735.033195 4983.467017 4813.750997 4918.275196 4918.275196 5071.577440 5354.512835 5009.574079 5337.805567 5458.806470 5270.078060 4996.740081 4802.526330 4510.937286 4909.611033 4909.611033 5069.632068 5201.239352 5172.283029 5460.786137 5460.943419 5302.746501 4869.547608 4857.863918 4599.106643 4958.231988 4958.231988 5486.181489 5333.282754 5195.265263 5221.128178 5475.624126 5037.208303 4820.744687 4865.397755 4671.112981 5064.926243 5064.926243 5189.120094 4887.972550 4963.372847 5351.410022 5098.581818 4874.415358 5055.605449 4641.689241 4573.452897 4951.553408 4951.553408 5136.663005 4565.634422 4890.690920 5124.995085 4963.899414 4857.256757 4626.856253 4601.855408 4456.095697 4761.815443 4761.815443 5127.453546 4638.671368 4736.110903 4864.307358 4998.425427 5157.964063 4884.796806 4696.482680 4498.008401 4376.337201 4376.337201 4969.367184 4877.460483 4899.221432 4861.048788 4808.200242 4924.744453 4556.400946 4475.684005 4187.552640 4376.337201 4376.337201 4969.367184 4877.460483 4899.221432 4861.048788 4808.200242 4924.744453 4556.400946 4475.684005 4187.552640 4777.869159 4777.869159 5035.211061 5194.584950 4963.593475 4972.842734 5146.306836 4633.635246 4768.323730 4517.293442 4516.049263 4818.424849 4818.424849 5240.965965 5658.512034 4915.221408 5344.590577 5073.119241 4824.911964 5066.411365 4583.130758 4353.761234 5065.903039 5065.903039 5277.522616 5155.420769 5338.873693 5501.378397 5380.844999 5189.357815 4871.773729 4946.984760 4636.165962 4673.903104 4673.903104 4752.474826 5555.227494 5199.671093 5563.767963 5472.768009 5247.259889 4993.218094 4673.838862 4574.813536 4903.397983 4903.397983 5093.862559 5290.739978 5392.398089 5706.106548 5698.682538 5333.290823 5020.839532 4747.828943 4458.326657 4748.562270 4748.562270 5075.394466 5269.695673 5021.661729 5459.844823 5252.237886 5106.582416 4945.369995 4647.829624 4532.168581 4887.207474 4887.207474 4990.264427 4635.722195 4776.823722 5730.656161 5049.619419 5053.637005 4882.548860 4696.026772 4329.536880 4654.142009 4654.142009 4927.973828 4666.192689 4938.992258 5125.471245 5007.089612 4953.182029 4973.286486 4701.166837 4410.224219 5003.906035 5003.906035 5017.822827 4682.017842 4694.476223 4607.887283 5035.450652 4769.734962 4628.734302 4582.741676 4580.483134 4472.275065 4472.275065 4916.760092 5060.262340 5017.916327 4795.243558 4561.239479 4898.036429 4592.035642 4363.256464 4200.082177 4472.275065 4472.275065 4916.760092 5060.262340 5017.916327 4795.243558 4561.239479 4898.036429 4592.035642 4363.256464 4200.082177 4965.372768 4965.372768 5062.391977 5091.931667 5152.017176 5036.788904 5125.228471 4718.876056 4899.558055 4541.547192 4628.920275 4903.467435 4903.467435 5156.634225 5293.109723 5081.754099 5138.998940 4995.639319 5056.295841 5082.793149 4532.025727 4496.892638 5091.782347 5091.782347 5080.929971 5261.288286 5151.400653 5430.821987 5294.456133 5145.385305 4847.344331 4704.067976 4542.536970 4761.086809 4761.086809 5219.036846 5255.707115 5216.654159 5447.828004 5757.979924 5564.429620 5009.926220 4756.000161 4570.392594 4938.949103 4938.949103 5237.999491 5246.777173 5307.283571 5674.821295 5346.738285 5538.155691 4807.775054 4895.614404 4498.707611 4970.720091 4970.720091 5119.511525 5244.421634 5183.766733 5585.920947 5354.902089 5194.907752 4936.075937 4618.252697 4577.062957 4907.720148 4907.720148 5252.185996 4764.560146 5051.909530 5369.157299 4898.184361 5062.442396 4771.591261 4713.035798 4490.909975 4884.728343 4884.728343 4817.655353 4685.289082 4772.356773 5108.495059 4892.101633 4835.506024 4955.983865 4522.208059 4364.324770 4927.041385 4927.041385 5017.345561 4689.302807 4704.480069 4757.032172 5228.806350 4756.747157 4660.848617 4803.824013 4627.237705 4741.056083 4741.056083 4876.473133 5029.216787 5002.006605 4835.393386 4719.288475 5051.602018 4552.799249 4571.172840 4279.494974 4741.056083 4741.056083 4876.473133 5029.216787 5002.006605 4835.393386 4719.288475 5051.602018 4552.799249 4571.172840 4279.494974 4871.247361 4871.247361 5033.302325 5025.091548 5150.982683 4999.212987 5371.523881 4930.343963 4701.136075 4481.152527 4491.954908 4892.156079 4892.156079 5009.896037 5398.688928 5218.712880 5216.180053 5005.633381 4990.689611 5130.345487 4525.487614 4499.753964 5096.292456 5096.292456 4981.059123 5473.825260 5258.681575 5311.709317 5295.987426 5023.596531 4915.022999 4610.900255 4769.681967 4877.536463 4877.536463 5304.265933 5329.077704 5236.925400 5169.503624 5718.696083 5373.772460 4986.239014 4847.051672 4546.125501 4850.815830 4850.815830 5204.864167 5277.409622 5270.327386 5625.089582 5432.789311 5148.817501 4759.600222 4706.572976 4566.252743 4799.406072 4799.406072 5372.651597 5102.309703 5483.035503 5552.153141 5525.900248 5126.872431 4879.304065 4456.727096 4476.711016 4972.490326 4972.490326 5247.782221 5016.801081 5016.143381 5192.275092 5012.355448 5090.298129 4886.427334 4888.396326 4626.002699 4845.688794 4845.688794 4789.346291 4770.936277 4608.343250 5101.352198 5049.330807 5130.756825 4900.779667 4680.800346 4370.063579 4970.702172 4970.702172 5186.706050 4746.464160 4638.744393 4897.967072 5005.363420 4794.145636 4813.879619 4680.139117 4659.595362 4672.133039 4672.133039 4910.432642 5030.077852 5066.838933 4684.206064 4840.307254 5035.956317 4496.334100 4432.973047 4170.222403 4672.133039 4672.133039 4910.432642 5030.077852 5066.838933 4684.206064 4840.307254 5035.956317 4496.334100 4432.973047 4170.222403 4915.552746 4915.552746 5192.176549 5128.747888 5277.121790 5159.204122 5228.529033 4730.690924 4632.528880 4718.799839 4291.436323 4898.990042 4898.990042 5226.590312 5384.235126 5096.332706 5347.536050 5353.953587 5000.940846 4973.762372 4756.298540 4468.539076 5003.384154 5003.384154 5152.720519 5287.987503 5330.661166 5432.541532 5476.222416 5285.924142 4822.997657 4519.337458 4534.442877 4914.931322 4914.931322 5167.067041 5332.084366 5346.042447 5181.440997 5298.805699 4979.669618 4991.670775 4691.376900 4453.325190 5055.031548 5055.031548 5326.317456 5281.040735 5441.278598 5343.733353 5474.612523 5439.030542 4913.971969 4400.354350 4436.170822 4671.027999 4671.027999 5197.362755 5133.607135 5505.791266 5393.720050 5470.205601 5099.339706 4786.172432 4645.530613 4602.610293 4947.152921 4947.152921 5189.394372 4850.518257 5057.233967 4994.301763 5351.914895 5098.480291 4804.515409 4831.718635 4580.763461 4785.111429 4785.111429 5150.163712 4916.598863 4828.216010 5202.158887 5434.875179 5053.461263 4724.079368 4676.655877 4589.378146 5288.803769 5288.803769 4876.432986 4542.242699 4812.660206 4688.491303 4797.360812 4943.906597 4702.888648 4342.608900 4709.748561 4628.669730 4628.669730 4889.636442 5092.042627 4837.294804 4733.409555 4919.901838 4966.050219 4268.014812 4555.037052 4176.664495 4628.669730 4628.669730 4889.636442 5092.042627 4837.294804 4733.409555 4919.901838 4966.050219 4268.014812 4555.037052 4176.664495 4918.135661 4918.135661 5336.541658 5131.248718 5248.236094 5106.689416 5258.203420 4814.369799 4873.236818 4881.014790 4233.201136 4846.348934 4846.348934 5249.350916 5475.406507 5097.396307 4982.368133 5132.100659 4957.477753 4959.334278 4561.302832 4452.219801 4767.136716 4767.136716 5020.908113 5507.392191 5266.928936 5524.030043 5512.196124 5019.541953 4828.749390 4646.552786 4751.433026 4889.280947 4889.280947 5323.864331 5504.501973 5264.284190 5195.446844 5350.518282 5095.978846 4792.357067 4724.400735 4743.361886 5085.044739 5085.044739 5163.196567 5158.603187 5675.259959 5402.501800 5748.524684 5218.768550 4643.601010 4759.572166 4561.749338 4788.343286 4788.343286 4919.350004 4895.325139 5304.482935 5192.745177 5460.248840 5168.458393 4944.840318 4505.639082 4444.269206 4910.068128 4910.068128 5170.335473 4985.973688 5005.905992 5047.793837 5352.807897 4883.973573 4611.554990 4621.761012 4553.982755 4890.196986 4890.196986 4892.029151 4796.715258 4880.382328 4957.440546 5163.202199 4969.945557 4822.198091 4471.965142 4464.385665 5071.768530 5071.768530 5072.606395 4749.000764 4768.733052 4707.501817 4827.955300 4867.895470 4507.595191 4385.568702 4904.190574 4775.200740 4775.200740 4856.684448 5032.965331 4895.677060 4637.865038 4909.844937 4831.949230 4574.802924 4443.214082 4157.422755 4775.200740 4775.200740 4856.684448 5032.965331 4895.677060 4637.865038 4909.844937 4831.949230 4574.802924 4443.214082 4157.422755 4784.640551 4784.640551 5240.537503 5338.687538 5165.989955 5114.266096 5095.098057 4659.435676 4771.491915 4979.872121 4341.454208 4930.226820 4930.226820 5092.531775 5289.204903 5256.841977 5063.517728 5138.211057 4958.546889 4967.169004 4677.358597 4465.245959 4969.027728 4969.027728 5270.264422 5048.884045 5278.929769 5270.686208 5535.145348 5043.662370 5084.165067 4768.083783 4454.727812 4736.315478 4736.315478 5429.524200 5380.516757 5285.023186 5288.876810 5415.109634 5423.134274 4746.127450 4691.003848 4410.848880 4960.957345 4960.957345 5115.621309 5136.169037 5655.714523 5669.000476 5571.207118 5297.931854 4787.672684 4572.663335 4468.668570 4768.831979 4768.831979 5027.390628 5029.546201 5193.910493 5494.338119 5212.343952 5111.469396 4926.974108 4483.132282 4370.193796 5098.278644 5098.278644 5302.884517 4982.398819 5209.929552 5276.762452 5520.740532 4761.322986 4466.336584 4658.613679 4592.769550 5056.870267 5056.870267 4700.136753 4690.023745 4822.411447 5121.714426 5035.956769 4853.844391 4671.464003 4545.689588 4364.362327 5124.312368 5124.312368 5047.984505 4605.631906 4473.519708 5142.200230 4782.938274 4939.111286 4539.361507 4681.701883 4824.135904 4581.682989 4581.682989 4823.199291 5207.326060 4888.452777 4601.938048 4674.480830 4937.254114 4635.887706 4582.998504 4137.156288 4581.682989 4581.682989 4823.199291 5207.326060 4888.452777 4601.938048 4674.480830 4937.254114 4635.887706 4582.998504 4137.156288 4643.374664 4643.374664 5127.378627 5292.412080 5278.690183 5109.528592 5267.731710 4799.066728 4860.519386 4769.204772 4429.356064 4950.985343 4950.985343 5358.542304 5355.867542 5354.534405 5078.458832 5182.647581 4950.646020 5050.260700 4736.208561 4287.690000 4972.943332 4972.943332 5229.262439 5510.341445 5299.182532 5217.324927 5356.299979 5246.046138 4815.702934 4705.271928 4514.090714 4771.615927 4771.615927 5355.065382 5254.317679 5357.332555 5547.794203 5584.174513 5334.596514 4923.793895 4535.628283 4496.418857 4884.772465 4884.772465 5225.129517 5044.481537 5358.599990 5257.535820 5543.367977 5078.168200 4883.935238 4472.409194 4464.669212 4826.985497 4826.985497 5170.718556 5183.429124 5138.286157 5457.913249 5382.381518 5179.210135 4701.969567 4559.944418 4574.447945 5041.889634 5041.889634 5252.831833 5077.448930 4889.286629 5439.657641 5238.720807 5002.310576 4676.218400 4783.605941 4400.055578 5101.867044 5101.867044 5130.972081 4692.087561 5142.665147 5194.813674 5017.359319 4959.269678 4661.986509 4280.128829 4469.427480 4936.074182 4936.074182 5029.596689 4431.835378 4707.417445 5061.697360 4968.676289 4723.916167 4681.158762 4692.578935 4516.532538 4699.590258 4699.590258 4899.177712 5013.642087 4938.660313 4635.740008 4887.073771 5138.138587 4576.514212 4543.855286 4377.815121 4699.590258 4699.590258 4899.177712 5013.642087 4938.660313 4635.740008 4887.073771 5138.138587 4576.514212 4543.855286 4377.815121 5018.441624 5018.441624 5169.589943 5184.174640 5158.615969 5052.151181 5289.767388 5023.156340 4630.626258 4543.577453 4316.526092 4903.242599 4903.242599 5318.408708 5344.927606 5169.969064 5203.142206 5071.272915 4994.445709 4914.986941 4596.302123 4339.315086 5328.986637 5328.986637 5159.057454 5671.298813 5399.018438 5177.233999 5139.028340 5338.581455 4846.055437 4615.679997 4481.430429 4782.574379 4782.574379 5347.837211 5141.571318 5218.491990 5494.855274 5591.838477 5074.267086 4915.924757 4556.596805 4630.060059 5062.252501 5062.252501 5342.679684 5256.838932 5213.446832 5451.822413 5585.986442 5271.611184 4705.089574 4585.378491 4491.719199 5043.802381 5043.802381 5313.638406 5212.122075 5269.194447 5248.493309 5284.271720 5137.682530 4955.828109 4654.754851 4628.622466 4963.267057 4963.267057 5259.164157 4988.921697 4857.393776 5154.994698 5403.337161 4792.213528 4629.017818 4590.079786 4494.837962 5019.623988 5019.623988 5228.611103 5025.575370 4872.759003 4943.070289 5105.123344 4922.061512 4726.055852 4342.755286 4594.016235 5021.988861 5021.988861 4965.091632 4639.816123 4740.375893 4994.011878 4819.038404 4747.679802 4456.110262 4561.081411 4573.935417 4673.808758 4673.808758 4803.585392 5268.217588 5099.357487 4729.488804 4995.029685 5076.043696 4529.758242 4371.317453 4442.100133 4673.808758 4673.808758 4803.585392 5268.217588 5099.357487 4729.488804 4995.029685 5076.043696 4529.758242 4371.317453 4442.100133 4684.271500 4684.271500 5123.869551 5448.469390 5255.445433 5286.914566 5277.256508 4944.056112 4721.693399 4706.090530 4365.396412 5068.649288 5068.649288 5112.046534 5445.103559 4997.028841 5282.931904 5097.385719 5176.809182 4903.877466 4520.685309 4476.826321 4929.794974 4929.794974 4933.813357 5582.265846 5370.114228 5251.475088 5566.598087 5337.203271 4694.610746 4663.009166 4508.499175 5198.155736 5198.155736 5442.850123 5186.717760 5278.299294 5277.313659 5413.410683 5084.461745 5064.400686 4515.918596 4647.516985 5075.073011 5075.073011 5220.254682 5518.482958 5474.140438 5648.589668 5396.325610 5302.568654 4763.490978 4508.716860 4476.411013 5045.502444 5045.502444 5274.451870 5193.080611 5227.705105 5383.754454 5179.605585 5208.168587 4809.761992 4451.737138 4412.915890 5079.338374 5079.338374 5252.015698 4942.014217 5170.844203 5175.549849 5394.601939 4784.043309 4793.649909 4535.847760 4575.398494 5086.541302 5086.541302 5243.269650 5131.379160 4811.435106 5048.885575 5099.139268 4745.449356 4592.019240 4306.180673 4615.392238 5150.548978 5150.548978 4985.868088 4756.554886 4793.753247 4564.150749 4957.923189 4658.484664 4437.635251 4473.643923 4514.344588 4569.745568 4569.745568 4630.349108 5149.434000 4771.627019 4847.890197 4918.349253 4897.828491 4605.455153 4663.709280 4350.257817 4569.745568 4569.745568 4630.349108 5149.434000 4771.627019 4847.890197 4918.349253 4897.828491 4605.455153 4663.709280 4350.257817 4726.523464 4726.523464 5210.939315 5191.270781 5144.701670 4954.008384 5158.157534 4961.247069 4708.113272 4682.642611 4571.547329 4801.654813 4801.654813 5404.254453 5642.796608 5263.374954 5227.727244 4941.476763 4795.775544 5017.484274 4690.627500 4515.836901 4894.073190 4894.073190 5107.892812 5473.574189 5389.603340 5427.243060 5281.116273 5327.133194 4803.198008 4605.152245 4665.743812 5089.090209 5089.090209 5666.856081 5301.080582 5028.522487 5214.823259 5259.989493 5293.940171 5045.065949 4539.838382 4653.411326 5170.488368 5170.488368 5215.590503 5297.111154 5533.162189 5501.643255 5545.791918 5319.965153 4548.330006 4554.805763 4462.928709 5101.413191 5101.413191 5448.329148 5206.058269 5306.544440 5345.936590 5245.344289 5140.123278 4822.872483 4676.715080 4360.265529 5297.342757 5297.342757 5154.551085 5100.631850 5244.807803 5076.483791 5325.992750 4829.897593 4754.202171 4604.021517 4577.560743 5071.437971 5071.437971 5289.408224 4691.982025 4747.676272 5017.150981 4776.397119 5223.950605 4552.077790 4384.998243 4607.140548 5137.123086 5137.123086 4925.626910 4562.600086 4592.069968 4894.264138 5170.915159 4976.505408 4671.207305 4532.116578 4430.146736 4612.200436 4612.200436 4884.461440 5078.412575 4714.007426 4823.130351 4960.599170 4797.414426 4658.680915 4493.070833 4362.007020 4612.200436 4612.200436 4884.461440 5078.412575 4714.007426 4823.130351 4960.599170 4797.414426 4658.680915 4493.070833 4362.007020 4837.188625 4837.188625 5229.575634 5149.412316 5211.925084 5000.151020 5169.131693 4953.526678 4797.852122 4929.509313 4308.607236 4839.232132 4839.232132 5295.717481 5726.214407 5361.342705 5097.112078 5186.696666 4948.108630 5081.480948 4841.351726 4611.408756 5101.241169 5101.241169 5316.385109 5281.844768 5244.506535 5372.162293 5025.636821 5326.713238 4693.518169 4774.152642 4529.507981 4988.689190 4988.689190 5720.720638 5081.979547 5128.961735 5502.191985 5202.148177 5013.768605 4852.085144 4814.293036 4705.183732 5126.431256 5126.431256 5391.319739 5303.594257 5553.395620 5324.664521 5585.334203 5313.235249 4893.944097 4443.905211 4378.826135 5165.146401 5165.146401 5320.010643 5039.958637 5257.450825 4906.825554 5591.388107 4926.774253 4774.959941 4659.148490 4395.433576 5273.484133 5273.484133 5144.684429 4942.618068 4844.192508 5425.165249 5469.560015 4796.611427 4637.708806 4400.698520 4460.155806 5321.819382 5321.819382 5117.039163 4694.795352 4672.507771 5110.308611 4959.493760 5273.327576 4707.474139 4622.621594 4568.133436 5034.524565 5034.524565 4744.110309 4751.068732 4646.049956 4666.082617 4895.880005 4959.765434 4426.275043 4530.454997 4514.974144 4503.282335 4503.282335 5060.584923 5145.198509 4979.665214 4841.743367 5022.756695 4926.492084 4419.881199 4524.295647 4403.729557 4503.282335 4503.282335 5060.584923 5145.198509 4979.665214 4841.743367 5022.756695 4926.492084 4419.881199 4524.295647 4403.729557 4873.526604 4873.526604 5167.922572 5027.053223 5044.621080 5028.714433 5080.478778 5015.573262 4933.783589 4848.363795 4528.682168 4949.172119 4949.172119 5456.062368 5767.476776 4990.341104 5093.387142 5073.742270 5233.908472 5247.554989 4749.725789 4503.228286 5307.548555 5307.548555 5112.866812 5341.057791 5402.211961 5048.382163 5354.643888 5309.138262 4885.360018 4752.834336 4669.671897 4998.016353 4998.016353 5498.390625 5625.348981 5370.048632 5525.210728 5216.216226 4974.109342 4943.912313 4658.040557 4514.914298 5071.401211 5071.401211 5200.407454 5107.691810 5384.817689 5295.531613 5288.581792 5533.233165 5042.930317 4488.824378 4645.585624 5113.260100 5113.260100 5482.838232 5105.129270 5175.067840 5060.023056 5481.569932 5128.289151 4512.653112 4558.954078 4571.667748 5184.559090 5184.559090 5276.559188 4789.173464 4917.039877 5146.758587 5368.768946 4737.219635 4626.304742 4650.172751 4432.221072 5127.535471 5127.535471 5182.368408 4840.573649 4900.806641 5009.830067 5084.739619 4962.748647 4809.941591 4602.143867 4264.239224 4862.192526 4862.192526 4837.716685 4586.439418 4480.268122 4867.361039 4856.289586 4886.709141 4423.527315 4501.125513 4477.627805 4407.305478 4407.305478 4909.205922 5454.743049 4962.043239 4888.899209 4921.466355 5056.673496 4548.056849 4559.108723 4453.938661 4407.305478 4407.305478 4909.205922 5454.743049 4962.043239 4888.899209 4921.466355 5056.673496 4548.056849 4559.108723 4453.938661 4801.811942 4801.811942 5430.503500 5123.672493 5188.946870 4862.945528 5107.954648 4766.677982 4896.517962 4657.273086 4461.728401 4733.799734 4733.799734 5180.449514 5280.378075 5006.602311 4989.035308 5345.728012 5029.204076 5232.075479 4755.322896 4317.840826 5158.590040 5158.590040 5269.677191 5267.388930 5414.241427 5334.649949 5299.792297 5152.767333 4918.572185 4805.131462 4736.750053 4770.296542 4770.296542 5523.770770 5735.425868 5638.402256 5139.396759 5577.563306 5308.600256 4861.347040 4833.184766 4360.587929 4990.866342 4990.866342 5475.159705 5064.466149 5426.412165 5290.869767 5305.952798 5555.536686 4872.451006 4624.870308 4602.332149 5156.756088 5156.756088 5516.530700 5214.127180 5175.492185 5277.290344 5170.693565 5048.090353 4875.651556 4659.497775 4606.135323 5112.255191 5112.255191 5309.263750 5012.457928 5016.139527 5072.136144 5052.187352 5035.489887 4770.500770 4631.147463 4660.606992 5141.990826 5141.990826 4948.860946 5042.949107 4913.858408 4930.449845 5280.566560 4754.853619 4803.375483 4597.394223 4450.083434 4950.979832 4950.979832 4807.483577 4599.209688 4297.870218 4747.070949 4872.648423 4846.134422 4528.849272 4467.767791 4502.472738 4562.024294 4562.024294 4693.394561 5177.710209 4636.791298 4821.423567 4764.728893 4796.824490 4449.138563 4536.186330 4553.665483 4562.024294 4562.024294 4693.394561 5177.710209 4636.791298 4821.423567 4764.728893 4796.824490 4449.138563 4536.186330 4553.665483 4846.244822 4846.244822 5492.463987 5355.712875 5010.535269 4979.531702 5278.351185 4713.796040 4895.845724 4727.928635 4511.937596 4960.159435 4960.159435 5152.006968 5349.621651 4794.179417 5207.237137 5230.691350 5052.057936 5125.153658 4736.527333 4604.287835 5095.911458 5095.911458 5092.205119 5402.278513 5507.162743 5407.711173 5277.559938 5110.044000 5097.375293 4621.414157 4727.309080 5099.278758 5099.278758 5668.613071 5379.299877 5552.491788 5199.357558 5616.552569 5288.105954 5152.126338 5026.597861 4356.904169 5023.307683 5023.307683 5148.813105 5059.000937 5485.986417 5213.527226 5275.637451 5259.377358 5020.839405 4540.115983 4662.929144 5263.622728 5263.622728 5125.986101 5118.895541 4914.417760 5118.093432 5297.568942 5285.722489 4829.706574 4877.862800 4492.773471 4998.497887 4998.497887 5367.753366 5126.638470 5021.190391 5099.901237 5275.524936 5081.358472 5001.275471 4799.393653 4596.806762 5129.808769 5129.808769 5026.549387 5067.580739 4849.359366 4860.392674 5455.719327 4925.386727 4937.211167 4549.932293 4560.888629 5057.769974 5057.769974 4903.972632 4699.997098 4163.772505 4695.715728 4800.103419 4920.133818 4489.736137 4532.322183 4392.091936 4575.767819 4575.767819 4767.570558 5064.834392 4826.473802 4746.107720 4666.685447 4815.356988 4460.697620 4721.140698 4412.972241 4575.767819 4575.767819 4767.570558 5064.834392 4826.473802 4746.107720 4666.685447 4815.356988 4460.697620 4721.140698 4412.972241 4816.609277 4816.609277 5178.382961 5310.597254 5132.124585 4934.959224 5129.622046 4867.644417 4815.296762 4841.576155 4284.700108 4807.722323 4807.722323 5369.356187 5414.060724 5073.506421 5344.823032 4891.877548 4942.843408 4848.138633 4633.558546 4596.305905 4940.198541 4940.198541 5147.074187 5314.747017 5355.223218 5449.674147 5273.071082 5256.869564 4884.081153 4811.497267 4660.467797 5190.616585 5190.616585 5326.916824 5450.381920 5427.846023 5480.509342 5359.824493 5332.986481 5008.260815 4771.056480 4384.376774 4939.000147 4939.000147 5416.261041 5329.344120 5180.304035 5253.020289 5701.098202 5226.404590 4710.443814 4739.549086 4684.769308 5125.287784 5125.287784 5197.281953 5359.408815 5062.650043 4988.030959 5064.672884 5341.608070 4776.061466 5013.515269 4665.670952 5040.697745 5040.697745 5432.856113 5067.461181 5232.662990 5256.095963 5546.496787 5225.276507 4774.433074 4773.123661 4648.042584 5114.983074 5114.983074 5218.665548 5130.652487 4612.493348 4813.002522 4980.977859 4985.232016 4964.028755 4674.535541 4688.993031 4922.446483 4922.446483 4780.777724 4881.659153 4494.030038 4801.762991 4965.704597 5005.414022 4582.616905 4628.210391 4507.719884 4798.313332 4798.313332 4845.651937 5222.200346 5069.714121 4909.806012 4649.411010 4567.251518 4621.026273 4845.966695 4387.710523 4798.313332 4798.313332 4845.651937 5222.200346 5069.714121 4909.806012 4649.411010 4567.251518 4621.026273 4845.966695 4387.710523 4795.372148 4795.372148 5150.203913 5440.652935 5198.699148 5033.819951 4827.176779 4848.846071 4765.668417 4804.963758 4482.018015 4981.030222 4981.030222 5207.298308 5311.374470 5304.555487 5176.056720 5117.787473 4894.678518 4998.375580 4833.769681 4425.058927 5181.442831 5181.442831 5130.788594 5533.945961 5188.683373 5295.412332 5296.273427 5123.378453 4855.468838 4808.548472 4577.795180 5099.633772 5099.633772 5220.814650 5433.990945 5104.531515 5169.291875 5219.537972 5011.604868 5023.366685 4657.274211 4457.069963 5107.616703 5107.616703 5250.972207 5406.375521 5126.843057 5191.331347 5725.067563 5373.072406 4915.878885 4879.350222 4573.827779 5132.538668 5132.538668 5324.916137 5403.916642 4990.079003 4874.086326 5207.350726 5174.603086 5100.751057 4702.266702 4674.740238 4965.120091 4965.120091 4977.910512 4795.065437 5143.983220 5333.068287 5229.354689 5167.576255 4892.000415 4872.010436 4537.911822 5094.751226 5094.751226 5011.325729 4894.282527 4756.923838 4990.246012 5223.084460 4823.498545 4913.620535 4691.396547 4498.876193 4880.968057 4880.968057 4756.200944 4619.877096 4678.929563 4799.616933 5100.053028 4925.356237 4847.483585 4750.527862 4338.288879 4732.709589 4732.709589 5198.548523 5200.842224 4995.308342 4944.766863 4504.089422 4624.854918 4638.315042 4622.744961 4183.877132 4732.709589 4732.709589 5198.548523 5200.842224 4995.308342 4944.766863 4504.089422 4624.854918 4638.315042 4622.744961 4183.877132 4748.217752 4748.217752 5317.263572 5298.094994 5138.875661 5074.286102 5144.651090 4958.102515 4651.752132 4853.899818 4496.417158 4809.852467 4809.852467 5347.991285 5437.355053 5091.492093 5323.979463 4907.216995 4938.699991 4763.299214 4903.785128 4702.477181 4923.563776 4923.563776 5175.207500 5605.225564 5354.552641 5159.665981 5500.446042 5007.336838 4840.498771 4708.629610 4592.006603 5273.114164 5273.114164 5112.221079 5260.450428 5304.801273 5418.488458 5311.930817 5122.043148 4904.923959 4930.348803 4690.690854 5197.235178 5197.235178 5392.382856 5513.416955 5254.990201 5176.945069 5269.145505 5387.067514 4941.787155 4807.783034 4777.843779 5042.610343 5042.610343 5317.631473 5285.721521 5278.119228 5145.740476 5102.611290 4969.851919 4861.458294 4673.139183 4763.355769 5098.080631 5098.080631 5280.500324 4821.603751 5039.829893 5176.995611 5252.691973 5120.541723 4966.409755 4851.740229 4407.062262 5049.927480 5049.927480 5020.910653 4922.645410 4866.793151 5017.906992 5238.833075 5107.046089 4812.104614 4784.708367 4652.993882 4909.550971 4909.550971 5092.743827 4524.958392 4623.216839 4652.919055 4933.455517 4867.608364 4923.322835 4753.851212 4296.475981 4936.307795 4936.307795 5192.735461 5173.172248 5206.658844 5002.918859 4579.080708 4896.865907 4630.940020 4653.288746 4348.009838 4936.307795 4936.307795 5192.735461 5173.172248 5206.658844 5002.918859 4579.080708 4896.865907 4630.940020 4653.288746 4348.009838 4696.474627 4696.474627 5142.379679 5212.193786 5005.489135 5170.052818 4935.063800 4858.584330 4718.455449 4809.769918 4568.607053 4821.071414 4821.071414 5471.517944 5441.234493 4971.081781 5145.789910 5063.074577 5051.801281 5022.101457 4934.934564 4481.006124 5202.639299 5202.639299 4997.025767 5629.594825 5411.775011 4947.793166 5292.782279 5255.073238 4703.825904 4679.202520 4768.718046 5263.866702 5263.866702 5167.510190 5489.981201 5507.764089 5206.805518 5220.759813 5253.076728 4957.852124 5072.493948 4625.663290 5025.052317 5025.052317 5644.726675 5444.809620 5249.733783 5196.525022 5422.125076 5166.431217 4941.639334 4857.898961 4481.242019 4846.996917 4846.996917 5131.768690 5391.394963 5213.996105 5131.723113 5245.700332 4972.753903 4779.295766 5017.128186 4804.616612 4928.410030 4928.410030 5511.355496 4936.388159 4883.129113 5068.403259 5022.137990 5276.945090 5040.587342 4669.168465 4498.300660 5113.355712 5113.355712 5036.396416 4798.369278 4882.120456 4881.610404 5232.057005 5162.831895 4863.421724 4781.137169 4659.002188 4904.330422 4904.330422 5119.436520 4621.980010 4516.410033 4923.744987 5080.982397 4875.970965 4751.911583 4574.854388 4367.543346 4568.117962 4568.117962 4978.091750 5344.680238 4954.720051 5091.122819 4626.505913 5082.561663 4606.041660 4624.776754 4329.138318 4568.117962 4568.117962 4978.091750 5344.680238 4954.720051 5091.122819 4626.505913 5082.561663 4606.041660 4624.776754 4329.138318 4597.281886 4597.281886 5100.751789 5357.063081 5086.365948 4840.458376 4829.211047 4982.752732 4814.724096 4629.208507 4401.707258 4909.774356 4909.774356 5460.652231 5490.971557 5128.414006 5016.376636 5080.065422 5005.430686 5073.094585 4811.691415 4452.135160 5154.917703 5154.917703 5293.807997 5628.439721 5442.717291 4975.289140 5225.337490 5216.843439 4886.391999 4874.965627 4732.693699 5206.968759 5206.968759 5122.392673 5659.590025 5260.495913 5175.047695 5239.801986 5147.177664 5025.951007 4816.438089 4461.343185 4936.086443 4936.086443 5343.011507 5288.314880 5416.062117 5051.804421 5491.702387 5310.681768 5052.592311 4866.657724 4544.711487 4968.260518 4968.260518 5392.876496 5369.617012 5176.707269 5053.016838 5520.188302 5074.503349 4836.244969 4864.123720 4587.468760 4904.281160 4904.281160 5201.437676 5175.802035 5016.684566 4969.189322 5161.413986 5285.594195 4856.812465 4855.427736 4434.993231 5092.786381 5092.786381 4982.389278 4888.881560 4771.515565 4879.055360 5157.119537 5315.031331 4719.802545 4667.962522 4399.071239 5155.711237 5155.711237 4857.908663 4569.725039 4772.805691 4823.454230 4833.250691 4809.576086 4799.212405 4526.981542 4442.429423 4780.724186 4780.724186 4918.307807 5247.789249 4813.326113 5073.246608 4547.049704 4859.739032 4582.036841 4576.735321 4437.036805 4780.724186 4780.724186 4918.307807 5247.789249 4813.326113 5073.246608 4547.049704 4859.739032 4582.036841 4576.735321 4437.036805 4797.926011 4797.926011 5153.567452 5259.004770 5083.161093 4888.508010 4878.980624 4988.981836 4850.771549 4809.016212 4285.590418 5051.046389 5051.046389 5358.458780 5208.372034 5179.039124 4996.423150 5129.593062 5055.158315 5059.769934 4744.712250 4335.568004 5030.092760 5030.092760 5417.682140 5545.705620 5397.625064 5340.316197 5140.247449 5220.794148 4843.233051 4944.714286 4603.134500 5061.570803 5061.570803 5254.314621 5553.405066 5397.548272 5188.746006 5477.768047 5350.348004 4786.337936 4977.028516 4561.147290 4846.970920 4846.970920 5268.505718 5491.824609 5400.144182 4889.120378 5697.839806 5439.190248 4954.721889 4786.588729 4751.816422 4936.529785 4936.529785 5486.385512 5287.664867 5239.738837 5216.475406 5363.796630 5475.544265 4905.196146 4704.315371 4608.717683 5015.618320 5015.618320 5120.833387 5090.617250 5137.864443 5268.268927 5435.252414 5331.066053 5187.375645 4950.271772 4635.023986 5088.394888 5088.394888 5126.722407 5138.085156 4576.973134 4831.888519 5003.655194 5118.138959 4884.863031 4674.145092 4571.890517 4945.204040 4945.204040 4999.295149 4589.952167 4433.012248 4790.484886 4888.101854 4997.958402 5027.914083 4790.592650 4277.137942 4686.882095 4686.882095 4883.879930 5153.313952 4958.722908 5045.316487 4428.164004 4775.979787 4534.957623 4532.818759 4251.436296 4686.882095 4686.882095 4883.879930 5153.313952 4958.722908 5045.316487 4428.164004 4775.979787 4534.957623 4532.818759 4251.436296 4918.795784 4918.795784 5300.522886 5103.435582 4994.252146 5004.818120 4961.398957 4993.044175 4799.952910 4750.533277 4559.614627 4934.853127 4934.853127 5424.901617 5581.957988 5098.644907 4949.075700 5082.750503 4843.019627 5162.844659 4739.903769 4483.497779 4955.466516 4955.466516 5252.521078 5762.163704 5493.476398 4976.895399 5283.301186 5250.365938 4925.850906 4747.732272 4737.522382 5182.314927 5182.314927 5371.668585 5581.965878 5246.113619 5030.724771 5367.709720 5315.114835 4815.101172 4809.280808 4711.970297 4936.531767 4936.531767 5436.031929 5322.817720 5251.612410 5079.622140 5427.887280 5255.765968 5043.953098 4782.549695 4537.980172 5203.183869 5203.183869 5473.189681 5310.901132 5235.267939 5116.984663 5370.213294 5227.974198 4864.759146 4778.575320 4632.540583 5050.413095 5050.413095 5122.946298 5047.684826 4932.655060 5159.828237 5496.511370 5015.706999 4963.427524 4783.884710 4474.786243 5067.789279 5067.789279 5133.080384 5166.919326 4665.899481 4996.712222 5116.123799 5131.136993 5006.158113 4444.903428 4585.206002 5084.863569 5084.863569 5158.430563 4779.378219 4546.369692 4724.155499 4984.636710 5029.276677 4849.455963 4854.473059 4495.916302 4687.417750 4687.417750 5107.544544 5255.972169 5168.125561 4653.305034 4500.010701 4826.287495 4701.824293 4393.457269 4426.674245 4687.417750 4687.417750 5107.544544 5255.972169 5168.125561 4653.305034 4500.010701 4826.287495 4701.824293 4393.457269 4426.674245 4941.932136 4941.932136 5127.094663 5057.623044 5070.441364 4982.179933 4678.047055 4853.349182 4727.635083 4863.537577 4551.534189 4825.747454 4825.747454 5299.524533 5571.080845 5075.340713 4843.679797 5132.233016 5121.308709 4903.689381 4718.239785 4428.623530 5113.928102 5113.928102 5550.061367 5688.973973 5286.049937 4964.218445 5133.912900 5275.464908 5101.834786 4887.434060 4706.930639 5066.612362 5066.612362 5344.136580 5328.427130 5440.749407 5056.680771 5406.763484 5202.316279 4745.057819 4948.759233 4871.043966 4874.791856 4874.791856 5367.030125 5348.795715 5186.693364 5575.786044 5227.710048 5234.722748 4937.718175 4947.857481 4715.116446 4904.198990 4904.198990 5435.282662 5183.118399 4998.350549 5208.879089 5246.124540 5240.663763 4719.198312 4964.235745 4674.961656 4861.684588 4861.684588 5258.341791 5016.986033 4909.559136 4993.169731 5071.888907 5083.907058 5133.179051 4716.588393 4660.840228 5098.155097 5098.155097 5321.475039 4887.456793 4782.010576 4856.800692 5273.239075 5111.978245 5120.426741 4591.860144 4465.570518 4851.885729 4851.885729 4905.064277 4604.537101 4599.246432 4712.997612 5193.744304 5068.871298 4829.884930 4739.819482 4607.399025 

